nbNodes = 51;
nbVehicles = 3;
Tmax = 480;

Score = [
0, 8, 7, 7, 8, 1, 10, 8, 4, 6, 4, 3, 9, 1, 10, 2, 4, 7, 5, 10, 9, 8, 10, 1, 6, 4, 8, 4, 8, 2, 10, 10, 10, 6, 8, 7, 7, 5, 3, 7, 7, 4, 5, 4, 8, 2, 9, 10, 6, 9, 7
];

ServiceTime = [
0, 95, 59, 51, 104, 28, 115, 103, 49, 49, 45, 26, 118, 30, 113, 20, 57, 48, 49, 103, 94, 110, 118, 28, 56, 49, 106, 58, 99, 24, 108, 96, 120, 45, 111, 50, 58, 51, 26, 53, 59, 45, 56, 55, 98, 29, 99, 94, 45, 98, 46
];

TravelTime = [
[0.0, 9.51, 6.67, 8.95, 11.57, 4.59, 35.51, 33.41, 28.09, 8.97, 7.9, 17.48, 0.26, 22.94, 8.48, 9.99, 8.78, 29.25, 10.09, 31.78, 29.51, 30.82, 55.07, 6.01, 5.82, 36.31, 25.5, 13.09, 0.73, 8.7, 5.48, 30.14, 10.35, 23.34, 21.25, 27.83, 0.45, 29.73, 13.02, 9.63, 8.45, 8.45, 6.23, 23.84, 21.39, 20.55, 7.57, 10.01, 24.25, 4.66, 0.48],
[9.51, 0.0, 8.75, 3.28, 15.07, 8.47, 43.18, 30.3, 30.97, 2.4, 15.47, 24.78, 9.46, 29.13, 14.23, 16.01, 12.53, 33.74, 16.03, 35.03, 35.23, 34.93, 51.87, 5.62, 4.02, 44.17, 34.67, 18.11, 10.15, 5.09, 14.77, 38.23, 17.9, 31.46, 30.16, 36.2, 9.95, 38.89, 16.52, 1.18, 16.79, 15.97, 9.02, 30.23, 29.76, 27.07, 11.72, 4.53, 31.89, 6.95, 9.53],
[6.67, 8.75, 0.0, 6.03, 6.5, 2.08, 41.77, 37.68, 34.47, 6.7, 7.63, 24.01, 6.87, 29.59, 15.05, 7.4, 3.8, 35.88, 7.4, 38.25, 36.18, 37.41, 59.43, 3.22, 7.62, 42.48, 30.63, 9.37, 6.66, 11.38, 11.34, 36.24, 16.94, 29.5, 26.83, 33.78, 6.77, 34.8, 8.02, 8.03, 14.87, 8.03, 11.63, 30.47, 27.44, 27.18, 13.71, 6.04, 30.61, 2.71, 7.1],
[8.95, 3.28, 6.03, 0.0, 12.04, 6.38, 44.0, 33.54, 33.33, 0.88, 13.37, 25.68, 8.99, 30.51, 15.43, 13.43, 9.68, 35.7, 13.43, 37.33, 36.82, 37.01, 55.14, 3.41, 5.1, 44.89, 34.44, 15.23, 9.42, 7.77, 14.42, 38.82, 18.58, 32.01, 30.18, 36.61, 9.31, 38.67, 13.45, 2.23, 17.09, 13.82, 10.57, 31.54, 30.15, 28.3, 13.22, 1.52, 32.68, 5.05, 9.13],
[11.57, 15.07, 6.5, 12.04, 0.0, 7.81, 43.83, 44.08, 39.55, 12.83, 6.73, 27.22, 11.82, 33.25, 19.88, 3.99, 2.89, 40.27, 3.86, 43.14, 39.91, 41.94, 65.83, 9.7, 14.07, 44.33, 31.01, 3.5, 11.2, 17.84, 14.36, 38.04, 20.65, 31.6, 28.01, 35.34, 11.44, 34.96, 1.53, 14.22, 18.26, 6.67, 17.47, 33.97, 29.38, 30.75, 19.13, 11.51, 33.14, 9.04, 12.04],
[4.59, 8.47, 2.08, 6.38, 7.81, 0.0, 39.79, 36.29, 32.47, 6.84, 7.05, 21.96, 4.79, 27.51, 12.99, 7.67, 4.93, 33.81, 7.71, 36.23, 34.09, 35.35, 58.04, 3.0, 6.42, 40.53, 28.95, 10.19, 4.59, 10.17, 9.38, 34.3, 14.87, 27.54, 25.02, 31.88, 4.69, 33.14, 9.34, 8.01, 12.83, 7.53, 9.79, 28.39, 25.51, 25.11, 11.74, 6.87, 28.6, 1.53, 5.02],
[35.51, 43.18, 41.77, 44.0, 43.83, 39.79, 0.0, 42.69, 23.25, 43.74, 37.11, 18.4, 35.39, 15.22, 28.97, 40.08, 42.11, 17.42, 40.22, 21.82, 12.53, 18.58, 56.6, 41.49, 39.29, 1.61, 15.37, 42.75, 35.29, 39.0, 30.43, 5.92, 25.42, 12.3, 16.18, 8.82, 35.26, 13.97, 44.65, 43.86, 27.06, 37.23, 34.24, 13.98, 14.47, 16.58, 31.61, 45.29, 11.32, 40.16, 35.19],
[33.41, 30.3, 37.68, 33.54, 44.08, 36.29, 42.69, 0.0, 19.49, 32.66, 41.25, 31.39, 33.17, 29.27, 27.63, 43.35, 41.21, 25.4, 43.44, 21.9, 30.17, 24.66, 21.75, 34.64, 30.06, 44.26, 45.04, 46.31, 34.04, 26.33, 34.49, 41.28, 30.62, 37.3, 40.36, 41.33, 33.73, 48.09, 45.61, 31.44, 32.33, 41.79, 27.19, 30.31, 37.43, 29.64, 26.6, 34.82, 35.55, 35.05, 32.99],
[28.09, 30.97, 34.47, 33.33, 39.55, 32.47, 23.25, 19.49, 0.0, 32.66, 34.24, 16.3, 27.85, 11.56, 19.67, 37.15, 36.84, 5.92, 37.28, 4.12, 10.72, 5.49, 35.03, 32.44, 28.31, 24.84, 28.16, 40.4, 28.38, 25.88, 25.9, 22.46, 19.81, 19.92, 24.23, 23.07, 28.15, 30.41, 40.92, 32.05, 22.25, 34.66, 23.07, 12.23, 20.82, 13.06, 20.77, 34.84, 17.66, 31.9, 27.61],
[8.97, 2.4, 6.7, 0.88, 12.83, 6.84, 43.74, 32.66, 32.66, 0.0, 13.88, 25.38, 8.98, 30.09, 15.03, 14.08, 10.41, 35.14, 14.09, 36.68, 36.35, 36.42, 54.26, 3.84, 4.6, 44.66, 34.46, 15.98, 9.49, 6.99, 14.43, 38.62, 18.33, 31.81, 30.12, 36.45, 9.36, 38.68, 14.26, 1.39, 16.93, 14.35, 10.05, 31.14, 29.99, 27.92, 12.74, 2.27, 32.42, 5.42, 9.11],
[7.9, 15.47, 7.63, 13.37, 6.73, 7.05, 37.11, 41.25, 34.24, 13.88, 0.0, 20.84, 8.14, 27.0, 14.88, 3.09, 5.59, 34.37, 3.24, 37.6, 33.63, 36.13, 62.85, 10.04, 12.81, 37.6, 24.41, 6.25, 7.24, 16.27, 8.38, 31.31, 14.68, 24.89, 21.28, 28.61, 7.55, 28.43, 7.59, 15.06, 12.21, 0.55, 14.07, 27.64, 22.66, 24.48, 14.92, 13.63, 26.5, 8.53, 8.29],
[17.48, 24.78, 24.01, 25.68, 27.22, 21.96, 18.4, 31.39, 16.3, 25.38, 20.84, 0.0, 17.32, 6.28, 10.6, 23.93, 25.03, 14.33, 24.07, 18.52, 12.82, 16.26, 50.37, 23.33, 20.9, 19.4, 13.78, 27.02, 17.37, 20.7, 12.95, 13.66, 7.15, 7.22, 8.98, 12.09, 17.29, 17.27, 28.32, 25.46, 9.16, 21.12, 15.87, 6.8, 6.39, 3.8, 13.27, 27.01, 7.12, 22.12, 17.11],
[0.26, 9.46, 6.87, 8.99, 11.82, 4.79, 35.39, 33.17, 27.85, 8.98, 8.14, 17.32, 0.0, 22.75, 8.25, 10.24, 9.03, 29.03, 10.34, 31.55, 29.32, 30.6, 54.82, 6.11, 5.72, 36.2, 25.48, 13.35, 0.93, 8.52, 5.45, 30.04, 10.19, 23.24, 21.2, 27.74, 0.62, 29.7, 13.27, 9.61, 8.32, 8.68, 5.98, 23.66, 21.3, 20.37, 7.32, 10.08, 24.12, 4.79, 0.24],
[22.94, 29.13, 29.59, 30.51, 33.25, 27.51, 15.22, 29.27, 11.56, 30.09, 27.0, 6.28, 22.75, 0.0, 15.08, 30.09, 30.94, 8.29, 30.23, 12.9, 6.65, 10.27, 46.53, 28.53, 25.5, 16.57, 16.61, 33.21, 22.94, 24.54, 18.9, 12.23, 12.71, 8.39, 12.76, 12.06, 22.82, 19.06, 34.41, 29.96, 15.01, 27.3, 20.12, 1.24, 9.3, 2.52, 17.42, 31.93, 6.31, 27.48, 22.53],
[8.48, 14.23, 15.05, 15.43, 19.88, 12.99, 28.97, 27.63, 19.67, 15.03, 14.88, 10.6, 8.25, 15.08, 0.0, 17.63, 17.19, 20.83, 17.76, 23.31, 21.46, 22.36, 48.76, 13.57, 10.46, 30.0, 22.12, 20.88, 8.72, 10.14, 7.01, 24.19, 4.34, 17.53, 17.23, 22.37, 8.51, 26.18, 21.26, 14.98, 4.93, 15.35, 5.27, 16.12, 16.07, 12.89, 2.74, 16.85, 17.72, 12.68, 8.02],
[9.99, 16.01, 7.4, 13.43, 3.99, 7.67, 40.08, 43.35, 37.15, 14.08, 3.09, 23.93, 10.24, 30.09, 17.63, 0.0, 4.08, 37.41, 0.14, 40.57, 36.72, 39.16, 65.04, 10.39, 14.02, 40.53, 27.04, 3.25, 9.43, 17.69, 11.38, 34.25, 17.71, 27.9, 24.14, 31.51, 9.73, 30.98, 4.58, 15.39, 15.26, 2.86, 16.22, 30.73, 25.66, 27.57, 17.39, 13.34, 29.55, 9.18, 10.44],
[8.78, 12.53, 3.8, 9.68, 2.89, 4.93, 42.11, 41.21, 36.84, 10.41, 5.59, 25.03, 9.03, 30.94, 17.19, 4.08, 0.0, 37.75, 4.03, 40.49, 37.59, 39.39, 62.96, 7.01, 11.24, 42.69, 29.91, 5.58, 8.47, 15.01, 12.09, 36.4, 18.26, 29.82, 26.56, 33.78, 8.69, 33.97, 4.41, 11.77, 15.94, 5.77, 14.6, 31.72, 27.65, 28.46, 16.32, 9.41, 31.21, 6.2, 9.26],
[29.25, 33.74, 35.88, 35.7, 40.27, 33.81, 17.42, 25.4, 5.92, 35.14, 34.37, 14.33, 29.03, 8.29, 20.83, 37.41, 37.75, 0.0, 37.55, 5.0, 4.95, 1.98, 39.93, 34.3, 30.6, 19.02, 24.06, 40.61, 29.4, 28.75, 26.03, 17.18, 19.7, 15.89, 20.77, 18.21, 29.22, 25.76, 41.53, 34.73, 22.16, 34.73, 25.15, 8.41, 17.27, 10.56, 22.57, 37.2, 13.39, 33.5, 28.8],
[10.09, 16.03, 7.4, 13.43, 3.86, 7.71, 40.22, 43.44, 37.28, 14.09, 3.24, 24.07, 10.34, 30.23, 17.76, 0.14, 4.03, 37.55, 0.0, 40.7, 36.86, 39.29, 65.13, 10.41, 14.07, 40.67, 27.18, 3.13, 9.53, 17.75, 11.52, 34.39, 17.85, 28.04, 24.28, 31.66, 9.83, 31.11, 4.44, 15.4, 15.39, 3.01, 16.31, 30.87, 25.8, 27.71, 17.5, 13.32, 29.69, 9.22, 10.54],
[31.78, 35.03, 38.25, 37.33, 43.14, 36.23, 21.82, 21.9, 4.12, 36.68, 37.6, 18.52, 31.55, 12.9, 23.31, 40.57, 40.49, 5.0, 40.7, 0.0, 9.72, 3.3, 35.06, 36.34, 32.29, 23.43, 29.02, 43.81, 32.03, 29.95, 29.22, 22.09, 22.98, 20.82, 25.59, 23.2, 31.82, 30.75, 44.48, 36.1, 25.46, 38.0, 26.99, 13.21, 22.09, 14.91, 24.6, 38.85, 18.34, 35.73, 31.31],
[29.51, 35.23, 36.18, 36.82, 39.91, 34.09, 12.53, 30.17, 10.72, 36.35, 33.63, 12.82, 29.32, 6.65, 21.46, 36.72, 37.59, 4.95, 36.86, 9.72, 0.0, 6.42, 44.77, 35.0, 31.75, 14.12, 20.04, 39.83, 29.54, 30.44, 25.55, 12.39, 19.34, 12.2, 17.38, 13.71, 29.41, 21.3, 41.06, 36.12, 21.66, 33.92, 26.31, 6.02, 13.97, 9.16, 23.62, 38.27, 9.62, 34.0, 29.09],
[30.82, 34.93, 37.41, 37.01, 41.94, 35.35, 18.58, 24.66, 5.49, 36.42, 36.13, 16.26, 30.6, 10.27, 22.36, 39.16, 39.39, 1.98, 39.29, 3.3, 6.42, 0.0, 38.36, 35.73, 31.91, 20.19, 25.96, 42.37, 30.99, 29.9, 27.77, 18.8, 21.45, 17.82, 22.74, 19.98, 30.81, 27.55, 43.23, 35.95, 23.92, 36.5, 26.49, 10.39, 19.24, 12.52, 23.97, 38.51, 15.3, 34.99, 30.36],
[55.07, 51.87, 59.43, 55.14, 65.83, 58.04, 56.6, 21.75, 35.03, 54.26, 62.85, 50.37, 54.82, 46.53, 48.76, 65.04, 62.96, 39.93, 65.13, 35.06, 44.77, 38.36, 0.0, 56.37, 51.81, 58.2, 63.13, 68.04, 55.68, 48.07, 55.74, 57.11, 51.2, 54.92, 58.97, 58.01, 55.37, 65.43, 67.36, 53.0, 53.18, 63.39, 48.84, 47.26, 55.66, 47.72, 48.04, 56.37, 52.69, 56.8, 54.64],
[6.01, 5.62, 3.22, 3.41, 9.7, 3.0, 41.49, 34.64, 32.44, 3.84, 10.04, 23.33, 6.11, 28.53, 13.57, 10.39, 7.01, 34.3, 10.41, 36.34, 35.0, 35.73, 56.37, 0.0, 4.64, 42.31, 31.34, 12.57, 6.36, 8.3, 11.41, 36.15, 16.18, 29.35, 27.21, 33.84, 6.31, 35.55, 11.2, 5.05, 14.43, 10.51, 9.38, 29.5, 27.4, 26.22, 11.77, 4.11, 30.2, 1.65, 6.3],
[5.82, 4.02, 7.62, 5.1, 14.07, 6.42, 39.29, 30.06, 28.31, 4.6, 12.81, 20.9, 5.72, 25.5, 10.46, 14.02, 11.24, 30.6, 14.07, 32.29, 31.75, 31.91, 51.81, 4.64, 0.0, 40.25, 30.66, 16.62, 6.52, 3.77, 10.84, 34.28, 13.94, 27.49, 26.14, 32.21, 6.27, 34.88, 15.6, 4.56, 12.77, 13.34, 5.47, 26.56, 25.76, 23.35, 8.14, 6.6, 27.98, 5.04, 5.74],
[36.31, 44.17, 42.48, 44.89, 44.33, 40.53, 1.61, 44.26, 24.84, 44.66, 37.6, 19.4, 36.2, 16.57, 30.0, 40.53, 42.69, 19.02, 40.67, 23.43, 14.12, 20.19, 58.2, 42.31, 40.25, 0.0, 15.16, 43.13, 36.06, 40.07, 31.15, 6.29, 26.34, 12.98, 16.46, 9.04, 36.05, 13.34, 45.11, 44.82, 27.88, 37.7, 35.27, 15.34, 15.07, 17.8, 32.66, 46.16, 12.28, 40.94, 36.01],
[25.5, 34.67, 30.63, 34.44, 31.01, 28.95, 15.37, 45.04, 28.16, 34.46, 24.41, 13.78, 25.48, 16.61, 22.12, 27.04, 29.91, 24.06, 27.18, 29.02, 20.04, 25.96, 63.13, 31.34, 30.66, 15.16, 0.0, 29.23, 25.03, 31.77, 20.03, 9.83, 17.78, 8.25, 4.98, 7.1, 25.13, 4.23, 31.53, 35.0, 18.07, 24.38, 26.84, 15.97, 7.62, 15.55, 24.78, 35.44, 10.68, 29.77, 25.35],
[13.09, 18.11, 9.37, 15.23, 3.5, 10.19, 42.75, 46.31, 40.4, 15.98, 6.25, 27.02, 13.35, 33.21, 20.88, 3.25, 5.58, 40.61, 3.13, 43.81, 39.83, 42.37, 68.04, 12.57, 16.62, 43.13, 29.23, 0.0, 12.57, 20.37, 14.61, 36.88, 20.93, 30.68, 26.68, 34.09, 12.86, 33.02, 2.82, 17.35, 18.46, 5.91, 19.28, 33.82, 28.42, 30.69, 20.57, 14.84, 32.43, 11.62, 13.55],
[0.73, 10.15, 6.66, 9.42, 11.2, 4.59, 35.29, 34.04, 28.38, 9.49, 7.24, 17.37, 0.93, 22.94, 8.72, 9.43, 8.47, 29.4, 9.53, 32.03, 29.54, 30.99, 55.68, 6.36, 6.52, 36.06, 25.03, 12.57, 0.0, 9.43, 5.05, 29.87, 10.28, 23.08, 20.85, 27.51, 0.32, 29.26, 12.62, 10.22, 8.26, 7.78, 6.85, 23.81, 21.09, 20.52, 8.02, 10.42, 24.06, 4.89, 1.06],
[8.7, 5.09, 11.38, 7.77, 17.84, 10.17, 39.0, 26.33, 25.88, 6.99, 16.27, 20.7, 8.52, 24.54, 10.14, 17.69, 15.01, 28.75, 17.75, 29.95, 30.44, 29.9, 48.07, 8.3, 3.77, 40.07, 31.77, 20.37, 9.43, 0.0, 12.8, 34.33, 14.25, 27.67, 27.03, 32.5, 9.13, 35.94, 19.37, 6.19, 13.72, 16.81, 4.97, 25.68, 26.16, 22.61, 7.43, 9.25, 27.81, 8.81, 8.46],
[5.48, 14.77, 11.34, 14.42, 14.36, 9.38, 30.43, 34.49, 25.9, 14.43, 8.38, 12.95, 5.45, 18.9, 7.01, 11.38, 12.09, 26.03, 11.52, 29.22, 25.55, 27.77, 55.74, 11.41, 10.84, 31.15, 20.03, 14.61, 5.05, 12.8, 0.0, 24.92, 6.34, 18.17, 15.8, 22.51, 5.12, 24.26, 15.55, 15.01, 3.91, 8.78, 8.55, 19.64, 16.13, 16.4, 8.03, 15.47, 19.31, 9.92, 5.32],
[30.14, 38.23, 36.24, 38.82, 38.04, 34.3, 5.92, 41.28, 22.46, 38.62, 31.31, 13.66, 30.04, 12.23, 24.19, 34.25, 36.4, 17.18, 34.39, 22.09, 12.39, 18.8, 57.11, 36.15, 34.28, 6.29, 9.83, 36.88, 29.87, 34.33, 24.92, 0.0, 20.34, 6.81, 10.26, 2.92, 29.87, 9.48, 38.83, 38.83, 21.75, 31.42, 29.44, 11.09, 8.81, 12.79, 26.9, 40.05, 6.67, 34.76, 29.86],
[10.35, 17.9, 16.94, 18.58, 20.65, 14.87, 25.42, 30.62, 19.81, 18.33, 14.68, 7.15, 10.19, 12.71, 4.34, 17.71, 18.26, 19.7, 17.85, 22.98, 19.34, 21.45, 51.2, 16.18, 13.94, 26.34, 17.78, 20.93, 10.28, 14.25, 6.34, 20.34, 0.0, 13.57, 12.9, 18.33, 10.19, 21.85, 21.87, 18.5, 2.48, 15.06, 9.28, 13.54, 11.93, 10.26, 7.02, 19.89, 14.1, 14.97, 9.97],
[23.34, 31.46, 29.5, 32.01, 31.6, 27.54, 12.3, 37.3, 19.92, 31.81, 24.89, 7.22, 23.24, 8.39, 17.53, 27.9, 29.82, 15.89, 28.04, 20.82, 12.2, 17.82, 54.92, 29.35, 27.49, 12.98, 8.25, 30.68, 23.08, 27.67, 18.17, 6.81, 13.57, 0.0, 5.25, 4.88, 23.08, 10.79, 32.47, 32.05, 14.94, 25.04, 22.75, 7.71, 2.28, 7.67, 20.26, 33.24, 2.58, 27.97, 23.05],
[21.25, 30.16, 26.83, 30.18, 28.01, 25.02, 16.18, 40.36, 24.23, 30.12, 21.28, 8.98, 21.2, 12.76, 17.23, 24.14, 26.56, 20.77, 24.28, 25.59, 17.38, 22.74, 58.97, 27.21, 26.14, 16.46, 4.98, 26.68, 20.85, 27.03, 15.8, 10.26, 12.9, 5.25, 0.0, 7.42, 20.91, 8.95, 28.72, 30.57, 13.41, 21.34, 22.07, 12.38, 3.5, 11.26, 19.92, 31.26, 7.8, 25.69, 21.05],
[27.83, 36.2, 33.78, 36.61, 35.34, 31.88, 8.82, 41.33, 23.07, 36.45, 28.61, 12.09, 27.74, 12.06, 22.37, 31.51, 33.78, 18.21, 31.66, 23.2, 13.71, 19.98, 58.01, 33.84, 32.21, 9.04, 7.1, 34.09, 27.51, 32.5, 22.51, 2.92, 18.33, 4.88, 7.42, 0.0, 27.53, 7.59, 36.09, 36.75, 19.53, 28.69, 27.57, 11.06, 6.46, 12.02, 25.11, 37.8, 5.83, 32.41, 27.57],
[0.45, 9.95, 6.77, 9.31, 11.44, 4.69, 35.26, 33.73, 28.15, 9.36, 7.55, 17.29, 0.62, 22.82, 8.51, 9.73, 8.69, 29.22, 9.83, 31.82, 29.41, 30.81, 55.37, 6.31, 6.27, 36.05, 25.13, 12.86, 0.32, 9.13, 5.12, 29.87, 10.19, 23.08, 20.91, 27.53, 0.0, 29.36, 12.87, 10.05, 8.22, 8.09, 6.53, 23.7, 21.11, 20.41, 7.75, 10.35, 24.02, 4.89, 0.74],
[29.73, 38.89, 34.8, 38.67, 34.96, 33.14, 13.97, 48.09, 30.41, 38.68, 28.43, 17.27, 29.7, 19.06, 26.18, 30.98, 33.97, 25.76, 31.11, 30.75, 21.3, 27.55, 65.43, 35.55, 34.88, 13.34, 4.23, 33.02, 29.26, 35.94, 24.26, 9.48, 21.85, 10.79, 8.95, 7.59, 29.36, 0.0, 35.41, 39.23, 22.25, 28.37, 30.99, 18.22, 10.9, 18.44, 28.87, 39.66, 12.78, 33.98, 29.58],
[13.02, 16.52, 8.02, 13.45, 1.53, 9.34, 44.65, 45.61, 40.92, 14.26, 7.59, 28.32, 13.27, 34.41, 21.26, 4.58, 4.41, 41.53, 4.44, 44.48, 41.06, 43.23, 67.36, 11.2, 15.6, 45.11, 31.53, 2.82, 12.62, 19.37, 15.55, 38.83, 21.87, 32.47, 28.72, 36.09, 12.87, 35.41, 0.0, 15.64, 19.45, 7.43, 18.97, 35.1, 30.23, 31.9, 20.59, 12.84, 34.08, 10.57, 13.49],
[9.63, 1.18, 8.03, 2.23, 14.22, 8.01, 43.86, 31.44, 32.05, 1.39, 15.06, 25.46, 9.61, 29.96, 14.98, 15.39, 11.77, 34.73, 15.4, 36.1, 36.12, 35.95, 53.0, 5.05, 4.56, 44.82, 35.0, 17.35, 10.22, 6.19, 15.01, 38.83, 18.5, 32.05, 30.57, 36.75, 10.05, 39.23, 15.64, 0.0, 17.26, 15.54, 9.84, 31.04, 30.29, 27.85, 12.54, 3.38, 32.55, 6.53, 9.71],
[8.45, 16.79, 14.87, 17.09, 18.26, 12.83, 27.06, 32.33, 22.25, 16.93, 12.21, 9.16, 8.32, 15.01, 4.93, 15.26, 15.94, 22.16, 15.39, 25.46, 21.66, 23.92, 53.18, 14.43, 12.77, 27.88, 18.07, 18.46, 8.26, 13.72, 3.91, 21.75, 2.48, 14.94, 13.41, 19.53, 8.22, 22.25, 19.45, 17.26, 0.0, 12.58, 8.83, 15.78, 13.07, 12.52, 7.13, 18.31, 15.8, 13.1, 8.13],
[8.45, 15.97, 8.03, 13.82, 6.67, 7.53, 37.23, 41.79, 34.66, 14.35, 0.55, 21.12, 8.68, 27.3, 15.35, 2.86, 5.77, 34.73, 3.01, 38.0, 33.92, 36.5, 63.39, 10.51, 13.34, 37.7, 24.38, 5.91, 7.78, 16.81, 8.78, 31.42, 15.06, 25.04, 21.34, 28.69, 8.09, 28.37, 7.43, 15.54, 12.58, 0.0, 14.61, 27.92, 22.8, 24.78, 15.43, 14.04, 26.69, 9.02, 8.84],
[6.23, 9.02, 11.63, 10.57, 17.47, 9.79, 34.24, 27.19, 23.07, 10.05, 14.07, 15.87, 5.98, 20.12, 5.27, 16.22, 14.6, 25.15, 16.31, 26.99, 26.31, 26.49, 48.84, 9.38, 5.47, 35.27, 26.84, 19.28, 6.85, 4.97, 8.55, 29.44, 9.28, 22.75, 22.07, 27.57, 6.53, 30.99, 18.97, 9.84, 8.83, 14.61, 0.0, 21.21, 21.2, 18.05, 2.71, 12.05, 22.99, 8.96, 5.8],
[23.84, 30.23, 30.47, 31.54, 33.97, 28.39, 13.98, 30.31, 12.23, 31.14, 27.64, 6.8, 23.66, 1.24, 16.12, 30.73, 31.72, 8.41, 30.87, 13.21, 6.02, 10.39, 47.26, 29.5, 26.56, 15.34, 15.97, 33.82, 23.81, 25.68, 19.64, 11.09, 13.54, 7.71, 12.38, 11.06, 23.7, 18.22, 35.1, 31.04, 15.78, 27.92, 21.21, 0.0, 8.88, 3.29, 18.5, 32.95, 5.44, 28.41, 23.44],
[21.39, 29.76, 27.44, 30.15, 29.38, 25.51, 14.47, 37.43, 20.82, 29.99, 22.66, 6.39, 21.3, 9.3, 16.07, 25.66, 27.65, 17.27, 25.8, 22.09, 13.97, 19.24, 55.66, 27.4, 25.76, 15.07, 7.62, 28.42, 21.09, 26.16, 16.13, 8.81, 11.93, 2.28, 3.5, 6.46, 21.11, 10.9, 30.23, 30.29, 13.07, 22.8, 21.2, 8.88, 0.0, 7.96, 18.81, 31.35, 4.52, 25.99, 21.12],
[20.55, 27.07, 27.18, 28.3, 30.75, 25.11, 16.58, 29.64, 13.06, 27.92, 24.48, 3.8, 20.37, 2.52, 12.89, 27.57, 28.46, 10.56, 27.71, 14.91, 9.16, 12.52, 47.72, 26.22, 23.35, 17.8, 15.55, 30.69, 20.52, 22.61, 16.4, 12.79, 10.26, 7.67, 11.26, 12.02, 20.41, 18.44, 31.9, 27.85, 12.52, 24.78, 18.05, 3.29, 7.96, 0.0, 15.35, 29.7, 6.24, 25.12, 20.15],
[7.57, 11.72, 13.71, 13.22, 19.13, 11.74, 31.61, 26.6, 20.77, 12.74, 14.92, 13.27, 7.32, 17.42, 2.74, 17.39, 16.32, 22.57, 17.5, 24.6, 23.62, 23.97, 48.04, 11.77, 8.14, 32.66, 24.78, 20.57, 8.02, 7.43, 8.03, 26.9, 7.02, 20.26, 19.92, 25.11, 7.75, 28.87, 20.59, 12.54, 7.13, 15.43, 2.71, 18.5, 18.81, 15.35, 0.0, 14.69, 20.39, 11.14, 7.1],
[10.01, 4.53, 6.04, 1.52, 11.51, 6.87, 45.29, 34.82, 34.84, 2.27, 13.63, 27.01, 10.08, 31.93, 16.85, 13.34, 9.41, 37.2, 13.32, 38.85, 38.27, 38.51, 56.37, 4.11, 6.6, 46.16, 35.44, 14.84, 10.42, 9.25, 15.47, 40.05, 19.89, 33.24, 31.26, 37.8, 10.35, 39.66, 12.84, 3.38, 18.31, 14.04, 12.05, 32.95, 31.35, 29.7, 14.69, 0.0, 33.98, 5.73, 10.24],
[24.25, 31.89, 30.61, 32.68, 33.14, 28.6, 11.32, 35.55, 17.66, 32.42, 26.5, 7.12, 24.12, 6.31, 17.72, 29.55, 31.21, 13.39, 29.69, 18.34, 9.62, 15.3, 52.69, 30.2, 27.98, 12.28, 10.68, 32.43, 24.06, 27.81, 19.31, 6.67, 14.1, 2.58, 7.8, 5.83, 24.02, 12.78, 34.08, 32.55, 15.8, 26.69, 22.99, 5.44, 4.52, 6.24, 20.39, 33.98, 0.0, 28.9, 23.92],
[4.66, 6.95, 2.71, 5.05, 9.04, 1.53, 40.16, 35.05, 31.9, 5.42, 8.53, 22.12, 4.79, 27.48, 12.68, 9.18, 6.2, 33.5, 9.22, 35.73, 34.0, 34.99, 56.8, 1.65, 5.04, 40.94, 29.77, 11.62, 4.89, 8.81, 9.92, 34.76, 14.97, 27.97, 25.69, 32.41, 4.89, 33.98, 10.57, 6.53, 13.1, 9.02, 8.96, 28.41, 25.99, 25.12, 11.14, 5.73, 28.9, 0.0, 5.0],
[0.48, 9.53, 7.1, 9.13, 12.04, 5.02, 35.19, 32.99, 27.61, 9.11, 8.29, 17.11, 0.24, 22.53, 8.02, 10.44, 9.26, 28.8, 10.54, 31.31, 29.09, 30.36, 54.64, 6.3, 5.74, 36.01, 25.35, 13.55, 1.06, 8.46, 5.32, 29.86, 9.97, 23.05, 21.05, 27.57, 0.74, 29.58, 13.49, 9.71, 8.13, 8.84, 5.8, 23.44, 21.12, 20.15, 7.1, 10.24, 23.92, 5.0, 0.0]
];
