nbNodes = 101;
nbVehicles = 5;
Tmax = 480;

Score = [
0, 4, 2, 1, 2, 5, 4, 2, 3, 5, 4, 5, 6, 8, 4, 4, 2, 7, 6, 3, 7, 1, 2, 2, 5, 2, 1, 9, 6, 10, 8, 10, 1, 6, 1, 1, 7, 1, 6, 2, 2, 5, 5, 8, 2, 3, 8, 7, 10, 4, 9, 8, 7, 2, 7, 3, 6, 10, 4, 3, 4, 8, 4, 1, 10, 6, 2, 10, 3, 10, 1, 6, 3, 2, 6, 1, 2, 3, 5, 2, 1, 2, 3, 5, 1, 4, 1, 5, 7, 5, 5, 2, 4, 5, 3, 6, 7, 9, 3, 2, 4
];

ServiceTime = [
0, 58, 29, 26, 30, 51, 49, 20, 22, 60, 53, 55, 45, 113, 49, 45, 29, 47, 51, 29, 55, 25, 23, 29, 47, 28, 21, 117, 48, 94, 114, 112, 26, 48, 23, 26, 53, 26, 48, 27, 28, 53, 60, 106, 24, 22, 112, 60, 98, 45, 100, 107, 56, 26, 57, 30, 58, 111, 52, 28, 51, 95, 49, 23, 111, 54, 25, 100, 27, 114, 28, 45, 30, 25, 60, 20, 30, 28, 47, 24, 30, 20, 25, 55, 25, 53, 23, 47, 52, 49, 52, 23, 55, 58, 24, 60, 54, 117, 26, 26, 46
];

TravelTime = [
[0.0, 9.51, 6.67, 8.95, 20.17, 11.57, 4.59, 5.73, 35.51, 33.41, 28.09, 8.97, 2.54, 17.48, 0.26, 8.78, 22.94, 8.48, 26.05, 26.79, 8.52, 29.83, 9.99, 11.36, 23.97, 8.78, 29.25, 10.09, 9.33, 6.96, 31.78, 9.69, 29.51, 10.03, 8.94, 9.84, 30.82, 55.07, 6.8, 6.01, 7.8, 24.23, 5.82, 36.31, 10.76, 29.91, 25.5, 33.45, 13.09, 0.73, 24.19, 0.35, 8.7, 5.48, 10.35, 23.34, 21.25, 32.89, 0.35, 10.59, 29.8, 9.32, 0.73, 3.73, 2.34, 11.34, 0.8, 27.83, 0.45, 29.73, 13.02, 8.12, 9.22, 6.57, 9.63, 8.45, 17.83, 6.23, 23.84, 0.72, 21.39, 5.6, 22.62, 8.47, 27.11, 20.55, 7.42, 7.57, 4.84, 0.92, 30.45, 10.01, 49.63, 24.25, 21.36, 10.31, 12.56, 4.66, 0.48, 6.69, 9.02],
[9.51, 0.0, 8.75, 3.28, 28.68, 15.07, 8.47, 14.95, 43.18, 30.3, 30.97, 2.4, 10.36, 24.78, 9.46, 9.81, 29.13, 14.23, 34.41, 31.15, 14.73, 33.17, 16.01, 10.84, 27.52, 12.53, 33.74, 16.03, 18.53, 13.02, 35.03, 5.87, 35.23, 5.68, 16.67, 19.06, 34.93, 51.87, 13.33, 5.62, 15.25, 29.8, 4.02, 44.17, 9.65, 34.25, 34.67, 41.21, 18.11, 10.15, 32.62, 9.39, 5.09, 14.77, 17.9, 31.46, 30.16, 36.55, 9.78, 13.63, 26.51, 1.39, 9.21, 5.8, 7.81, 2.96, 9.97, 36.2, 9.95, 38.89, 16.52, 1.64, 0.31, 3.02, 1.18, 16.79, 14.42, 9.02, 30.23, 9.52, 29.76, 7.08, 29.06, 14.86, 35.53, 27.07, 12.83, 11.72, 7.45, 8.74, 36.22, 4.53, 46.58, 31.89, 28.86, 17.23, 17.6, 6.95, 9.53, 12.62, 10.4],
[6.67, 8.75, 0.0, 6.03, 26.14, 6.5, 2.08, 11.67, 41.77, 37.68, 34.47, 6.7, 5.0, 24.01, 6.87, 2.13, 29.59, 15.05, 32.03, 33.4, 6.27, 36.31, 7.4, 16.1, 30.44, 3.8, 35.88, 7.4, 14.99, 4.75, 38.25, 12.51, 36.18, 12.63, 15.53, 15.44, 37.41, 59.43, 5.25, 3.22, 7.36, 30.9, 7.62, 42.48, 15.16, 36.53, 30.63, 39.69, 9.37, 6.66, 30.14, 6.32, 11.38, 11.34, 16.94, 29.5, 26.83, 39.43, 7.0, 5.13, 33.94, 7.66, 7.13, 6.2, 7.47, 8.67, 6.31, 33.78, 6.77, 34.8, 8.02, 7.17, 8.47, 7.35, 8.03, 14.87, 21.63, 11.63, 30.47, 6.03, 27.44, 10.09, 29.25, 6.47, 33.03, 27.18, 4.32, 13.71, 9.67, 6.79, 37.11, 6.04, 54.04, 30.61, 27.8, 16.98, 8.85, 2.71, 7.1, 4.39, 2.47],
[8.95, 3.28, 6.03, 0.0, 28.98, 12.04, 6.38, 14.67, 44.0, 33.54, 33.33, 0.88, 8.97, 25.68, 8.99, 6.72, 30.51, 15.43, 34.83, 33.13, 12.27, 35.43, 13.43, 13.44, 29.68, 9.68, 35.7, 13.43, 18.28, 10.66, 37.33, 8.73, 36.82, 8.64, 17.25, 18.79, 37.01, 55.14, 11.08, 3.41, 13.12, 31.4, 5.1, 44.89, 12.29, 36.26, 34.44, 41.98, 15.23, 9.42, 32.98, 8.72, 7.77, 14.42, 18.58, 32.01, 30.18, 38.75, 9.27, 10.6, 29.76, 1.91, 8.9, 5.74, 7.97, 2.71, 9.16, 36.61, 9.31, 38.67, 13.45, 2.32, 3.11, 4.09, 2.23, 17.09, 17.6, 10.57, 31.54, 8.7, 30.15, 8.58, 30.34, 12.45, 35.91, 28.3, 10.32, 13.22, 8.66, 8.4, 37.8, 1.52, 49.84, 32.68, 29.7, 18.15, 14.73, 5.05, 9.13, 10.27, 7.32],
[20.17, 28.68, 26.14, 28.98, 0.0, 28.0, 24.23, 14.54, 15.83, 37.47, 21.36, 28.85, 21.16, 6.13, 20.09, 27.98, 9.97, 15.18, 5.89, 16.99, 23.57, 21.34, 24.27, 22.45, 17.66, 26.29, 18.11, 24.42, 11.16, 23.37, 22.85, 25.48, 15.05, 25.95, 12.04, 10.74, 20.09, 56.04, 22.76, 26.18, 21.51, 12.38, 24.67, 16.4, 23.11, 18.93, 7.66, 13.73, 27.03, 19.85, 4.02, 20.45, 25.21, 14.86, 10.96, 3.67, 2.94, 22.67, 19.83, 27.85, 35.09, 28.95, 20.11, 23.3, 21.07, 31.1, 20.18, 7.66, 19.88, 11.3, 28.85, 27.67, 28.44, 25.72, 29.18, 11.92, 27.86, 20.24, 9.7, 20.59, 1.39, 21.86, 9.08, 23.29, 6.94, 8.34, 24.19, 17.91, 21.33, 20.61, 15.58, 30.16, 50.85, 5.79, 4.88, 11.97, 26.74, 24.75, 19.92, 23.43, 27.97],
[11.57, 15.07, 6.5, 12.04, 28.0, 0.0, 7.81, 14.73, 43.83, 44.08, 39.55, 12.83, 9.09, 27.22, 11.82, 5.32, 33.25, 19.88, 33.7, 37.91, 4.43, 41.18, 3.99, 22.27, 35.35, 2.89, 40.27, 3.86, 17.19, 5.01, 43.14, 18.98, 39.91, 19.11, 19.29, 17.5, 41.94, 65.83, 5.5, 9.7, 6.5, 34.88, 14.07, 44.33, 21.42, 40.98, 31.01, 41.73, 3.5, 11.2, 31.83, 11.25, 17.84, 14.36, 20.65, 31.6, 28.01, 44.13, 11.81, 1.44, 40.35, 13.85, 12.23, 12.42, 13.16, 14.38, 10.9, 35.34, 11.44, 34.96, 1.53, 13.56, 14.81, 13.85, 14.22, 18.26, 28.06, 17.47, 33.97, 10.85, 29.38, 16.19, 32.78, 4.72, 34.57, 30.75, 4.31, 19.13, 15.65, 12.08, 40.78, 11.51, 60.43, 33.14, 30.6, 21.07, 3.14, 9.04, 12.04, 5.13, 4.73],
[4.59, 8.47, 2.08, 6.38, 24.23, 7.81, 0.0, 9.71, 39.79, 36.29, 32.47, 6.84, 3.09, 21.96, 4.79, 4.2, 27.51, 12.99, 30.12, 31.34, 6.31, 34.28, 7.67, 14.47, 28.42, 4.93, 33.81, 7.71, 13.11, 4.57, 36.23, 11.31, 34.09, 11.49, 13.46, 13.57, 35.35, 58.04, 4.86, 3.0, 6.81, 28.82, 6.42, 40.53, 13.61, 34.46, 28.95, 37.71, 10.19, 4.59, 28.24, 4.24, 10.17, 9.38, 14.87, 27.54, 25.02, 37.39, 4.92, 6.58, 32.58, 7.63, 5.06, 4.62, 5.53, 9.09, 4.25, 31.88, 4.69, 33.14, 9.34, 6.83, 8.17, 6.44, 8.01, 12.83, 20.31, 9.79, 28.39, 3.95, 25.51, 8.39, 27.18, 6.42, 31.14, 25.11, 4.5, 11.74, 7.89, 4.74, 35.03, 6.87, 52.63, 28.6, 25.77, 14.89, 9.65, 1.53, 5.02, 4.18, 4.47],
[5.73, 14.95, 11.67, 14.67, 14.54, 14.73, 9.71, 0.0, 30.09, 34.29, 25.55, 14.66, 6.68, 12.58, 5.69, 13.61, 18.52, 6.75, 20.43, 23.38, 10.57, 26.93, 11.75, 13.17, 21.23, 12.46, 25.66, 11.89, 3.61, 9.74, 28.86, 13.58, 25.18, 14.02, 4.69, 4.13, 27.41, 55.5, 9.24, 11.69, 8.84, 20.16, 11.0, 30.82, 13.09, 26.4, 19.8, 28.01, 14.97, 5.33, 18.56, 5.98, 12.86, 0.38, 5.97, 17.83, 15.53, 29.69, 5.4, 14.2, 30.93, 14.93, 5.82, 9.21, 7.15, 17.01, 5.65, 22.2, 5.39, 24.03, 15.92, 13.69, 14.68, 11.94, 15.22, 3.53, 19.94, 8.52, 19.27, 6.07, 15.8, 9.24, 18.07, 10.36, 21.47, 16.03, 10.5, 7.88, 8.48, 6.32, 26.06, 15.74, 50.05, 18.95, 16.2, 6.63, 14.53, 10.21, 5.55, 9.67, 13.67],
[35.51, 43.18, 41.77, 44.0, 15.83, 43.83, 39.79, 30.09, 0.0, 42.69, 23.25, 43.74, 36.77, 18.4, 35.39, 43.67, 15.22, 28.97, 10.25, 18.6, 39.4, 21.53, 40.08, 34.88, 22.12, 42.11, 17.42, 40.22, 26.9, 39.19, 21.82, 38.98, 12.53, 39.44, 26.76, 26.51, 18.58, 56.6, 38.59, 41.49, 37.33, 15.98, 39.29, 1.61, 35.83, 17.86, 15.37, 2.1, 42.75, 35.29, 12.07, 35.82, 39.0, 30.43, 25.42, 12.3, 16.18, 20.33, 35.16, 43.68, 41.57, 43.68, 35.33, 38.27, 36.04, 45.85, 35.62, 8.82, 35.26, 13.97, 44.65, 42.41, 42.98, 40.39, 43.86, 27.06, 38.51, 34.24, 13.98, 36.0, 14.47, 36.11, 14.91, 39.11, 9.57, 16.58, 40.01, 31.61, 35.73, 35.81, 11.92, 45.29, 52.12, 11.32, 14.33, 25.96, 42.49, 40.16, 35.19, 39.25, 43.69],
[33.41, 30.3, 37.68, 33.54, 37.47, 44.08, 36.29, 34.29, 42.69, 0.0, 19.49, 32.66, 35.88, 31.39, 33.17, 39.4, 29.27, 27.63, 40.13, 24.11, 41.87, 21.51, 43.35, 22.06, 21.01, 41.21, 25.4, 43.44, 35.63, 40.21, 21.9, 25.21, 30.17, 25.15, 30.92, 35.96, 24.66, 21.75, 40.15, 34.64, 41.18, 27.51, 30.06, 44.26, 22.75, 25.11, 45.04, 41.71, 46.31, 34.04, 39.38, 33.64, 26.33, 34.49, 30.62, 37.3, 40.36, 23.86, 33.32, 42.78, 3.78, 31.68, 32.68, 31.67, 31.31, 32.55, 34.21, 41.33, 33.73, 48.09, 45.61, 31.36, 30.44, 30.45, 31.44, 32.33, 16.06, 27.19, 30.31, 34.04, 37.43, 28.05, 30.03, 41.84, 41.14, 29.64, 40.49, 26.6, 28.7, 32.63, 30.87, 34.82, 16.36, 35.55, 33.57, 29.23, 45.77, 35.05, 32.99, 39.88, 39.93],
[28.09, 30.97, 34.47, 33.33, 21.36, 39.55, 32.47, 25.55, 23.25, 19.49, 0.0, 32.66, 30.47, 16.3, 27.85, 36.59, 11.56, 19.67, 22.21, 4.93, 35.84, 2.53, 37.15, 20.17, 4.35, 36.84, 5.92, 37.28, 24.85, 34.65, 4.12, 25.22, 10.72, 25.51, 20.9, 24.91, 5.49, 35.03, 34.28, 32.44, 34.31, 9.26, 28.31, 24.84, 21.37, 5.69, 28.16, 22.39, 40.4, 28.38, 21.97, 28.43, 25.88, 25.9, 19.81, 19.92, 24.23, 5.92, 27.81, 38.66, 18.77, 32.07, 27.49, 28.64, 27.01, 33.92, 28.69, 23.07, 28.15, 30.41, 40.92, 31.08, 30.92, 29.25, 32.05, 22.25, 19.91, 23.07, 12.23, 28.8, 20.82, 24.93, 12.45, 35.67, 23.05, 13.06, 35.26, 20.77, 25.1, 27.75, 11.38, 34.84, 30.04, 17.66, 16.63, 18.93, 39.92, 31.9, 27.61, 34.46, 36.92],
[8.97, 2.4, 6.7, 0.88, 28.85, 12.83, 6.84, 14.66, 43.74, 32.66, 32.66, 0.0, 9.23, 25.38, 8.98, 7.53, 30.09, 15.03, 34.67, 32.56, 12.88, 34.8, 14.08, 12.7, 29.06, 10.41, 35.14, 14.09, 18.27, 11.23, 36.68, 7.92, 36.35, 7.81, 17.02, 18.79, 36.42, 54.26, 11.62, 3.84, 13.64, 30.93, 4.6, 44.66, 11.54, 35.69, 34.46, 41.73, 15.98, 9.49, 32.84, 8.77, 6.99, 14.43, 18.33, 31.81, 30.12, 38.13, 9.28, 11.39, 28.88, 1.04, 8.85, 5.55, 7.78, 2.39, 9.25, 36.45, 9.36, 38.68, 14.26, 1.58, 2.23, 3.53, 1.39, 16.93, 16.74, 10.05, 31.14, 8.79, 29.99, 8.06, 29.95, 13.05, 35.76, 27.92, 10.94, 12.74, 8.21, 8.35, 37.34, 2.27, 48.96, 32.42, 29.43, 17.83, 15.48, 5.42, 9.11, 10.85, 8.13],
[2.54, 10.36, 5.0, 8.97, 21.16, 9.09, 3.09, 6.68, 36.77, 35.88, 30.47, 9.23, 0.0, 19.1, 2.8, 6.95, 24.81, 10.81, 27.05, 29.0, 6.01, 32.15, 7.48, 13.82, 26.31, 6.38, 31.42, 7.57, 10.03, 4.42, 34.11, 11.7, 31.44, 11.99, 10.7, 10.49, 33.03, 57.56, 4.28, 5.61, 5.5, 26.24, 7.26, 37.49, 13.17, 32.1, 25.88, 34.69, 10.55, 2.1, 25.17, 2.26, 10.63, 6.34, 12.11, 24.51, 21.93, 35.16, 2.74, 8.2, 32.25, 9.84, 3.26, 5.07, 4.59, 11.6, 1.81, 28.8, 2.36, 30.08, 10.52, 8.79, 10.06, 7.72, 10.19, 9.94, 20.19, 8.74, 25.65, 1.85, 22.45, 7.91, 24.43, 5.97, 28.06, 22.37, 4.89, 10.1, 7.2, 3.25, 32.35, 9.71, 52.12, 25.63, 22.83, 12.29, 10.02, 3.97, 3.01, 4.14, 7.06],
[17.48, 24.78, 24.01, 25.68, 6.13, 27.22, 21.96, 12.58, 18.4, 31.39, 16.3, 25.38, 19.1, 0.0, 17.32, 26.04, 6.28, 10.6, 10.4, 12.57, 22.92, 16.78, 23.93, 17.12, 12.23, 25.03, 14.33, 24.07, 10.23, 22.27, 18.52, 20.77, 12.82, 21.24, 8.55, 10.05, 16.26, 50.37, 21.74, 23.33, 21.0, 8.38, 20.9, 19.4, 17.93, 15.14, 13.78, 16.43, 27.02, 17.37, 8.96, 17.8, 20.7, 12.95, 7.15, 7.22, 8.98, 18.79, 17.13, 26.76, 28.97, 25.29, 17.21, 19.96, 17.75, 27.46, 17.71, 12.09, 17.29, 17.27, 28.32, 24.03, 24.58, 22.0, 25.46, 9.16, 22.04, 15.87, 6.8, 18.04, 6.39, 17.72, 5.65, 22.67, 11.57, 3.8, 23.05, 13.27, 17.33, 17.66, 13.64, 27.01, 45.11, 7.12, 4.08, 7.57, 26.63, 22.12, 17.11, 22.23, 26.16],
[0.26, 9.46, 6.87, 8.99, 20.09, 11.82, 4.79, 5.69, 35.39, 33.17, 27.85, 8.98, 2.8, 17.32, 0.0, 8.99, 22.75, 8.25, 25.96, 26.57, 8.78, 29.59, 10.24, 11.11, 23.73, 9.03, 29.03, 10.34, 9.3, 7.22, 31.55, 9.5, 29.32, 9.85, 8.78, 9.81, 30.6, 54.82, 7.06, 6.11, 8.04, 24.03, 5.72, 36.2, 10.53, 29.69, 25.48, 33.33, 13.35, 0.93, 24.1, 0.58, 8.52, 5.45, 10.19, 23.24, 21.2, 32.66, 0.31, 10.84, 29.56, 9.31, 0.49, 3.67, 2.14, 11.34, 1.04, 27.74, 0.62, 29.7, 13.27, 8.09, 9.17, 6.5, 9.61, 8.32, 17.6, 5.98, 23.66, 0.97, 21.3, 5.38, 22.44, 8.72, 27.02, 20.37, 7.67, 7.32, 4.62, 0.77, 30.26, 10.08, 49.38, 24.12, 21.22, 10.12, 12.82, 4.79, 0.24, 6.94, 9.23],
[8.78, 9.81, 2.13, 6.72, 27.98, 5.32, 4.2, 13.61, 43.67, 39.4, 36.59, 7.53, 6.95, 26.04, 8.99, 0.0, 31.68, 17.19, 33.85, 35.53, 6.58, 38.43, 7.37, 18.03, 32.57, 3.3, 38.01, 7.32, 16.81, 5.48, 40.38, 14.19, 38.27, 14.26, 17.59, 17.24, 39.54, 61.12, 6.09, 4.76, 8.14, 33.01, 9.38, 44.35, 17.05, 38.66, 32.19, 41.58, 8.61, 8.74, 31.96, 8.44, 13.07, 13.26, 19.01, 31.39, 28.54, 41.57, 9.11, 3.88, 35.64, 8.56, 9.26, 8.18, 9.58, 9.08, 8.39, 35.58, 8.86, 36.32, 6.73, 8.36, 9.57, 8.95, 8.91, 16.89, 23.34, 13.7, 32.54, 8.13, 29.29, 12.08, 31.33, 6.84, 34.83, 29.26, 4.79, 15.82, 11.71, 8.92, 39.2, 6.23, 55.76, 32.56, 29.78, 19.08, 8.14, 4.73, 9.22, 5.21, 0.6],
[22.94, 29.13, 29.59, 30.51, 9.97, 33.25, 27.51, 18.52, 15.22, 29.27, 11.56, 30.09, 24.81, 6.28, 22.75, 31.68, 0.0, 15.08, 10.92, 7.02, 29.02, 11.37, 30.09, 19.92, 8.39, 30.94, 8.29, 30.23, 16.46, 28.26, 12.9, 24.36, 6.65, 24.79, 14.11, 16.31, 10.27, 46.53, 27.76, 28.53, 27.15, 2.41, 25.5, 16.57, 20.95, 9.12, 16.61, 13.63, 33.21, 22.94, 10.46, 23.28, 24.54, 18.9, 12.71, 8.39, 12.76, 12.85, 22.6, 32.71, 27.5, 29.84, 22.56, 24.93, 22.81, 31.98, 23.29, 12.06, 22.82, 19.06, 34.41, 28.63, 28.97, 26.59, 29.96, 15.01, 23.29, 20.12, 1.24, 23.56, 9.3, 22.1, 0.9, 28.79, 11.89, 2.52, 29.02, 17.42, 21.88, 22.97, 7.55, 31.93, 41.46, 6.31, 5.13, 12.63, 32.81, 27.48, 22.53, 28.19, 31.85],
[8.48, 14.23, 15.05, 15.43, 15.18, 19.88, 12.99, 6.75, 28.97, 27.63, 19.67, 15.03, 10.81, 10.6, 8.25, 17.19, 15.08, 0.0, 20.6, 18.34, 16.27, 21.36, 17.63, 7.68, 15.5, 17.19, 20.83, 17.76, 8.21, 15.0, 23.31, 10.32, 21.46, 10.79, 3.78, 8.62, 22.36, 48.76, 14.66, 13.57, 14.91, 16.07, 10.46, 30.0, 8.1, 21.48, 22.12, 27.02, 20.88, 8.72, 18.92, 8.82, 10.14, 7.01, 4.34, 17.53, 17.23, 24.41, 8.19, 19.0, 24.36, 14.83, 7.94, 9.88, 7.84, 16.99, 9.04, 22.37, 8.51, 26.18, 21.26, 13.59, 14.04, 11.55, 14.98, 4.93, 14.08, 5.27, 16.12, 9.19, 16.07, 7.15, 14.92, 16.12, 21.76, 12.89, 15.6, 2.74, 6.84, 8.26, 22.43, 16.85, 43.3, 17.72, 14.68, 3.21, 20.38, 12.68, 8.02, 14.8, 17.46],
[26.05, 34.41, 32.03, 34.83, 5.89, 33.7, 30.12, 20.43, 10.25, 40.13, 22.21, 34.67, 27.05, 10.4, 25.96, 33.85, 10.92, 20.6, 0.0, 17.36, 29.28, 21.51, 29.9, 27.5, 19.31, 32.09, 17.65, 30.04, 17.04, 29.16, 22.64, 30.92, 13.4, 31.39, 17.74, 16.61, 19.49, 57.23, 28.54, 32.06, 27.2, 13.0, 30.42, 10.63, 28.27, 18.4, 6.72, 8.17, 32.52, 25.74, 1.89, 26.33, 30.73, 20.75, 16.55, 3.18, 5.95, 21.94, 25.7, 33.61, 38.17, 34.73, 25.97, 29.12, 26.89, 36.9, 26.07, 1.79, 25.76, 8.2, 34.48, 33.45, 34.18, 31.49, 34.95, 17.74, 32.35, 25.79, 10.03, 26.47, 4.67, 27.5, 10.12, 28.98, 1.17, 10.61, 29.99, 23.34, 27.0, 26.47, 13.56, 36.02, 52.24, 4.61, 6.83, 17.41, 32.27, 30.64, 25.79, 29.24, 33.83],
[26.79, 31.15, 33.4, 33.13, 16.99, 37.91, 31.34, 23.38, 18.6, 24.11, 4.93, 32.56, 29.0, 12.57, 26.57, 35.53, 7.02, 18.34, 17.36, 0.0, 33.92, 4.35, 35.14, 20.72, 4.14, 35.35, 2.59, 35.27, 22.07, 32.91, 5.97, 25.69, 6.18, 26.05, 18.7, 22.03, 4.04, 39.88, 32.48, 31.76, 32.22, 4.61, 28.03, 20.16, 21.9, 3.14, 23.46, 17.61, 38.36, 26.96, 17.22, 27.14, 26.16, 23.75, 17.43, 15.21, 19.78, 6.35, 26.48, 37.16, 23.02, 32.1, 26.28, 27.98, 26.1, 34.11, 27.3, 18.16, 26.78, 25.56, 39.19, 31.0, 31.05, 29.05, 32.14, 19.9, 22.01, 22.58, 7.5, 27.48, 16.3, 24.55, 7.92, 33.72, 18.16, 8.95, 33.6, 20.02, 24.56, 26.61, 7.0, 34.63, 34.93, 12.86, 12.14, 16.85, 37.91, 30.99, 26.34, 32.78, 35.8],
[8.52, 14.73, 6.27, 12.27, 23.57, 4.43, 6.31, 10.57, 39.4, 41.87, 35.84, 12.88, 6.01, 22.92, 8.78, 6.58, 29.02, 16.27, 29.28, 33.92, 0.0, 37.36, 1.48, 19.82, 31.58, 3.46, 36.23, 1.57, 12.81, 1.76, 39.3, 17.37, 35.67, 17.6, 15.23, 13.1, 37.95, 63.57, 1.72, 9.12, 2.08, 30.72, 12.59, 39.9, 19.14, 36.96, 26.73, 37.3, 4.63, 7.97, 27.4, 8.26, 16.25, 10.2, 16.54, 27.17, 23.61, 40.21, 8.67, 4.48, 38.23, 13.78, 9.25, 10.56, 10.57, 14.93, 7.75, 30.93, 8.26, 30.73, 5.4, 13.1, 14.43, 12.72, 14.16, 14.1, 26.11, 14.74, 29.7, 7.86, 24.95, 13.85, 28.52, 0.31, 30.15, 26.51, 1.95, 15.96, 13.18, 9.25, 36.53, 12.29, 58.13, 28.73, 26.22, 17.09, 4.12, 7.83, 8.97, 2.14, 6.18],
[29.83, 33.17, 36.31, 35.43, 21.34, 41.18, 34.28, 26.93, 21.53, 21.51, 2.53, 34.8, 32.15, 16.78, 29.59, 38.43, 11.37, 21.36, 21.51, 4.35, 37.36, 0.0, 38.63, 22.42, 5.86, 38.54, 4.16, 38.76, 25.93, 36.24, 1.95, 27.47, 9.1, 27.78, 22.24, 25.94, 3.16, 35.85, 35.85, 34.41, 35.75, 8.96, 30.38, 23.13, 23.62, 3.67, 27.74, 20.84, 41.87, 30.07, 21.48, 30.17, 28.09, 27.28, 21.06, 19.5, 24.12, 3.45, 29.54, 40.35, 21.03, 34.23, 29.26, 30.6, 28.88, 36.13, 30.4, 22.19, 29.87, 29.68, 42.53, 33.22, 33.11, 31.35, 34.23, 23.53, 22.41, 25.06, 11.81, 30.54, 20.64, 26.96, 12.27, 37.17, 22.25, 13.25, 36.88, 22.66, 27.08, 29.54, 9.62, 36.95, 31.03, 17.09, 16.49, 20.31, 41.41, 33.79, 29.36, 36.07, 38.75],
[9.99, 16.01, 7.4, 13.43, 24.27, 3.99, 7.67, 11.75, 40.08, 43.35, 37.15, 14.08, 7.48, 23.93, 10.24, 7.37, 30.09, 17.63, 29.9, 35.14, 1.48, 38.63, 0.0, 21.3, 32.87, 4.08, 37.41, 0.14, 13.75, 3.2, 40.57, 18.81, 36.72, 19.04, 16.44, 14.0, 39.16, 65.04, 3.2, 10.39, 2.94, 31.85, 14.02, 40.53, 20.62, 38.15, 27.04, 37.98, 3.25, 9.43, 28.04, 9.74, 17.69, 11.38, 17.71, 27.9, 24.14, 41.44, 10.13, 4.51, 39.71, 15.01, 10.72, 12.0, 12.04, 16.05, 9.21, 31.51, 9.73, 30.98, 4.58, 14.39, 15.72, 14.11, 15.39, 15.26, 27.58, 16.22, 30.73, 9.33, 25.66, 15.33, 29.56, 1.54, 30.74, 27.57, 3.19, 17.39, 14.66, 10.73, 37.56, 13.34, 59.6, 29.55, 27.12, 18.33, 2.78, 9.18, 10.44, 3.57, 6.89],
[11.36, 10.84, 16.1, 13.44, 22.45, 22.27, 14.47, 13.17, 34.88, 22.06, 20.17, 12.7, 13.82, 17.12, 11.11, 18.03, 19.92, 7.68, 27.5, 20.72, 19.82, 22.42, 21.3, 0.0, 16.89, 19.38, 23.3, 21.39, 15.58, 18.18, 24.25, 5.05, 25.39, 5.37, 11.44, 16.04, 24.35, 43.75, 18.1, 13.36, 19.14, 20.08, 8.78, 36.07, 1.21, 23.75, 29.65, 33.07, 24.3, 11.99, 25.95, 11.58, 5.76, 13.27, 11.96, 24.34, 24.71, 25.82, 11.27, 21.05, 18.45, 12.01, 10.62, 9.91, 9.27, 13.78, 12.15, 29.21, 11.68, 33.64, 23.79, 11.13, 10.81, 9.53, 11.95, 12.47, 6.78, 5.16, 21.12, 11.99, 23.18, 6.08, 20.06, 19.79, 28.67, 18.3, 18.49, 5.4, 6.67, 10.57, 26.4, 14.95, 38.31, 24.03, 21.04, 10.67, 23.76, 13.39, 10.94, 17.85, 18.5],
[23.97, 27.52, 30.44, 29.68, 17.66, 35.35, 28.42, 21.23, 22.12, 21.01, 4.35, 29.06, 26.31, 12.23, 23.73, 32.57, 8.39, 15.5, 19.31, 4.14, 31.58, 5.86, 32.87, 16.89, 0.0, 32.69, 6.59, 33.0, 20.5, 30.42, 7.81, 21.92, 10.07, 22.25, 16.57, 20.57, 7.45, 38.39, 30.05, 28.57, 30.02, 6.5, 24.6, 23.64, 18.09, 6.92, 24.81, 20.92, 36.12, 24.22, 18.79, 24.31, 22.47, 21.58, 15.46, 16.7, 20.58, 9.08, 23.68, 34.51, 19.51, 28.54, 23.39, 24.76, 23.02, 30.48, 24.55, 20.4, 24.01, 27.43, 36.71, 27.49, 27.44, 25.59, 28.55, 17.91, 17.87, 19.24, 9.34, 24.68, 17.28, 21.16, 9.21, 31.4, 20.27, 9.33, 31.06, 16.81, 21.26, 23.68, 10.97, 31.19, 33.23, 14.7, 13.15, 14.6, 35.65, 27.93, 23.5, 30.25, 32.88],
[8.78, 12.53, 3.8, 9.68, 26.29, 2.89, 4.93, 12.46, 42.11, 41.21, 36.84, 10.41, 6.38, 25.03, 9.03, 3.3, 30.94, 17.19, 32.09, 35.35, 3.46, 38.54, 4.08, 19.38, 32.69, 0.0, 37.75, 4.03, 15.25, 2.94, 40.49, 16.15, 37.59, 16.3, 16.87, 15.61, 39.39, 62.96, 3.56, 7.01, 5.31, 32.47, 11.24, 42.69, 18.53, 38.44, 29.91, 40.01, 5.58, 8.47, 30.2, 8.45, 15.01, 12.09, 18.26, 29.82, 26.56, 41.54, 9.04, 1.82, 37.49, 11.4, 9.43, 9.55, 10.29, 12.2, 8.15, 33.78, 8.69, 33.97, 4.41, 10.96, 12.26, 11.08, 11.77, 15.94, 25.21, 14.6, 31.72, 8.06, 27.65, 13.3, 30.51, 3.75, 33.02, 28.46, 2.11, 16.32, 12.76, 9.24, 38.49, 9.41, 57.55, 31.21, 28.57, 18.57, 5.07, 6.2, 9.26, 2.86, 2.81],
[29.25, 33.74, 35.88, 35.7, 18.11, 40.27, 33.81, 25.66, 17.42, 25.4, 5.92, 35.14, 31.42, 14.33, 29.03, 38.01, 8.29, 20.83, 17.65, 2.59, 36.23, 4.16, 37.41, 23.3, 6.59, 37.75, 0.0, 37.55, 24.15, 35.27, 5.0, 28.27, 4.95, 28.63, 21.0, 24.08, 1.98, 39.93, 34.82, 34.3, 34.48, 5.97, 30.6, 19.02, 24.49, 0.82, 24.06, 16.69, 40.61, 29.4, 17.78, 29.6, 28.75, 26.03, 19.7, 15.89, 20.77, 4.56, 28.94, 39.56, 24.64, 34.68, 28.75, 30.52, 28.61, 36.69, 29.74, 18.21, 29.22, 25.76, 41.53, 33.58, 33.64, 31.63, 34.73, 22.16, 24.43, 25.15, 8.41, 29.93, 17.27, 27.12, 9.13, 36.02, 18.33, 10.56, 35.97, 22.57, 27.12, 29.09, 5.5, 37.2, 35.16, 13.39, 13.24, 19.2, 40.18, 33.5, 28.8, 35.14, 38.26],
[10.09, 16.03, 7.4, 13.43, 24.42, 3.86, 7.71, 11.89, 40.22, 43.44, 37.28, 14.09, 7.57, 24.07, 10.34, 7.32, 30.23, 17.76, 30.04, 35.27, 1.57, 38.76, 0.14, 21.39, 33.0, 4.03, 37.55, 0.0, 13.89, 3.26, 40.7, 18.87, 36.86, 19.1, 16.57, 14.14, 39.29, 65.13, 3.29, 10.41, 3.08, 31.98, 14.07, 40.67, 20.7, 38.28, 27.18, 38.12, 3.13, 9.53, 28.18, 9.83, 17.75, 11.52, 17.85, 28.04, 24.28, 41.57, 10.23, 4.42, 39.79, 15.02, 10.82, 12.07, 12.13, 16.04, 9.31, 31.66, 9.83, 31.11, 4.44, 14.41, 15.74, 14.15, 15.4, 15.39, 27.65, 16.31, 30.87, 9.42, 25.8, 15.41, 29.7, 1.64, 30.88, 27.71, 3.22, 17.5, 14.74, 10.82, 37.7, 13.32, 59.69, 29.69, 27.27, 18.46, 2.65, 9.22, 10.54, 3.63, 6.84],
[9.33, 18.53, 14.99, 18.28, 11.16, 17.19, 13.11, 3.61, 26.9, 35.63, 24.85, 18.27, 10.03, 10.23, 9.3, 16.81, 16.46, 8.21, 17.04, 22.07, 12.81, 25.93, 13.75, 15.58, 20.5, 15.25, 24.15, 13.89, 0.0, 12.37, 27.81, 16.76, 23.05, 17.21, 4.71, 0.53, 26.0, 56.41, 11.79, 15.26, 10.83, 18.37, 14.55, 27.54, 15.72, 24.93, 16.19, 24.8, 16.8, 8.9, 15.15, 9.57, 16.14, 3.86, 5.27, 14.6, 11.95, 28.42, 9.01, 16.89, 32.47, 18.54, 9.43, 12.82, 10.72, 20.62, 9.2, 18.78, 8.98, 20.41, 18.21, 17.29, 18.26, 15.51, 18.82, 3.32, 22.2, 11.48, 17.03, 9.64, 12.48, 12.51, 15.88, 12.55, 18.04, 13.94, 13.18, 10.18, 11.79, 9.93, 23.86, 19.32, 50.98, 15.97, 13.41, 6.53, 16.42, 13.74, 9.17, 12.39, 16.81],
[6.96, 13.02, 4.75, 10.66, 23.37, 5.01, 4.57, 9.74, 39.19, 40.21, 34.65, 11.23, 4.42, 22.27, 7.22, 5.48, 28.26, 15.0, 29.16, 32.91, 1.76, 36.24, 3.2, 18.18, 30.42, 2.94, 35.27, 3.26, 12.37, 0.0, 38.19, 15.62, 34.92, 15.85, 14.29, 12.71, 36.95, 61.92, 0.64, 7.44, 2.67, 29.87, 10.83, 39.76, 17.46, 35.98, 27.01, 37.09, 6.14, 6.47, 27.27, 6.68, 14.5, 9.36, 15.64, 26.91, 23.62, 39.16, 7.14, 4.52, 36.55, 12.1, 7.68, 8.81, 8.91, 13.34, 6.22, 30.85, 6.75, 31.09, 6.29, 11.38, 12.72, 10.96, 12.49, 13.26, 24.4, 13.14, 29.0, 6.27, 24.73, 12.17, 27.8, 1.85, 30.08, 25.77, 0.83, 14.49, 11.51, 7.64, 35.8, 10.79, 56.48, 28.34, 25.73, 16.07, 5.6, 6.1, 7.43, 0.39, 5.19],
[31.78, 35.03, 38.25, 37.33, 22.85, 43.14, 36.23, 28.86, 21.82, 21.9, 4.12, 36.68, 34.11, 18.52, 31.55, 40.38, 12.9, 23.31, 22.64, 5.97, 39.3, 1.95, 40.57, 24.25, 7.81, 40.49, 5.0, 40.7, 27.81, 38.19, 0.0, 29.31, 9.72, 29.61, 24.17, 27.81, 3.3, 35.06, 37.8, 36.34, 37.69, 10.49, 32.29, 23.43, 25.46, 4.28, 29.02, 21.31, 43.81, 32.03, 22.74, 32.12, 29.95, 29.22, 22.98, 20.82, 25.59, 2.03, 31.49, 42.31, 21.75, 36.11, 31.21, 32.53, 30.83, 37.99, 32.35, 23.2, 31.82, 30.75, 44.48, 35.1, 34.98, 33.25, 36.1, 25.46, 23.97, 26.99, 13.21, 32.49, 22.09, 28.88, 13.78, 39.12, 23.32, 14.91, 38.84, 24.6, 29.01, 31.49, 10.05, 38.85, 30.39, 18.34, 17.98, 22.25, 43.35, 35.73, 31.31, 38.02, 40.7],
[9.69, 5.87, 12.51, 8.73, 25.48, 18.98, 11.31, 13.58, 38.98, 25.21, 25.22, 7.92, 11.7, 20.77, 9.5, 14.19, 24.36, 10.32, 30.92, 25.69, 17.37, 27.47, 18.81, 5.05, 21.92, 16.15, 28.27, 18.87, 16.76, 15.62, 29.31, 0.0, 30.13, 0.48, 13.6, 17.27, 29.36, 46.94, 15.71, 9.43, 17.19, 24.75, 4.91, 40.09, 3.85, 28.74, 32.19, 37.09, 21.5, 10.42, 29.24, 9.78, 1.14, 13.55, 14.54, 27.83, 27.4, 30.87, 9.77, 17.64, 21.45, 7.12, 9.05, 6.81, 7.36, 8.76, 10.44, 32.68, 10.12, 36.33, 20.51, 6.42, 5.87, 5.25, 7.01, 14.19, 9.15, 5.36, 25.52, 10.1, 26.39, 4.38, 24.4, 17.41, 32.07, 22.51, 15.73, 7.58, 5.17, 8.77, 31.13, 10.19, 41.57, 27.86, 24.83, 13.53, 20.96, 9.95, 9.42, 15.25, 14.72],
[29.51, 35.23, 36.18, 36.82, 15.05, 39.91, 34.09, 25.18, 12.53, 30.17, 10.72, 36.35, 31.44, 12.82, 29.32, 38.27, 6.65, 21.46, 13.4, 6.18, 35.67, 9.1, 36.72, 25.39, 10.07, 37.59, 4.95, 36.86, 23.05, 34.92, 9.72, 30.13, 0.0, 30.54, 20.74, 22.87, 6.42, 44.77, 34.41, 35.0, 33.78, 5.43, 31.75, 14.12, 26.51, 5.5, 20.04, 11.74, 39.83, 29.54, 13.87, 29.86, 30.44, 25.55, 19.34, 12.2, 17.38, 8.68, 29.18, 39.36, 29.19, 36.03, 29.11, 31.33, 29.26, 38.13, 29.89, 13.71, 29.41, 21.3, 41.06, 34.85, 35.09, 32.83, 36.12, 21.66, 27.61, 26.31, 6.02, 30.15, 13.97, 28.3, 7.17, 35.43, 13.92, 9.16, 35.67, 23.62, 28.16, 29.51, 1.0, 38.27, 40.06, 9.62, 10.44, 19.2, 39.44, 34.0, 29.09, 34.85, 38.46],
[10.03, 5.68, 12.63, 8.64, 25.95, 19.11, 11.49, 14.02, 39.44, 25.15, 25.51, 7.81, 11.99, 21.24, 9.85, 14.26, 24.79, 10.79, 31.39, 26.05, 17.6, 27.78, 19.04, 5.37, 22.25, 16.3, 28.63, 19.1, 17.21, 15.85, 29.61, 0.48, 30.54, 0.0, 14.07, 17.73, 29.71, 46.87, 15.95, 9.51, 17.47, 25.16, 5.07, 40.55, 4.17, 29.09, 32.67, 37.55, 21.69, 10.76, 29.71, 10.11, 1.36, 13.98, 15.01, 28.3, 27.87, 31.19, 10.12, 17.76, 21.39, 6.97, 9.4, 7.05, 7.7, 8.53, 10.77, 33.15, 10.46, 36.8, 20.64, 6.35, 5.71, 5.31, 6.84, 14.66, 9.1, 5.83, 25.95, 10.43, 26.86, 4.8, 24.84, 17.65, 32.54, 22.96, 15.94, 8.05, 5.58, 9.11, 31.54, 10.07, 41.51, 28.33, 25.29, 14.0, 21.14, 10.1, 9.78, 15.47, 14.8],
[8.94, 16.67, 15.53, 17.25, 12.04, 19.29, 13.46, 4.69, 26.76, 30.92, 20.9, 17.02, 10.7, 8.55, 8.78, 17.59, 14.11, 3.78, 17.74, 18.7, 15.23, 22.24, 16.44, 11.44, 16.57, 16.87, 21.0, 16.57, 4.71, 14.29, 24.17, 13.6, 20.74, 14.07, 0.0, 5.04, 22.73, 51.73, 13.82, 14.79, 13.53, 15.6, 12.69, 27.64, 11.79, 21.73, 18.6, 24.73, 19.66, 8.87, 15.95, 9.27, 13.23, 5.05, 1.41, 14.81, 13.8, 25.0, 8.59, 18.66, 27.78, 17.02, 8.66, 11.51, 9.28, 19.2, 9.22, 19.53, 8.77, 22.73, 20.53, 15.75, 16.44, 13.76, 17.24, 1.45, 17.84, 8.27, 14.95, 9.52, 13.09, 9.82, 13.74, 15.02, 18.86, 11.67, 15.01, 6.24, 9.29, 9.12, 21.66, 18.54, 46.29, 15.44, 12.49, 1.99, 19.21, 13.57, 8.57, 14.18, 17.74],
[9.84, 19.06, 15.44, 18.79, 10.74, 17.5, 13.57, 4.13, 26.51, 35.96, 24.91, 18.79, 10.49, 10.05, 9.81, 17.24, 16.31, 8.62, 16.61, 22.03, 13.1, 25.94, 14.0, 16.04, 20.57, 15.61, 24.08, 14.14, 0.53, 12.71, 27.81, 17.27, 22.87, 17.73, 5.04, 0.0, 25.95, 56.67, 12.12, 15.75, 11.1, 18.27, 15.08, 27.14, 16.19, 24.86, 15.67, 24.41, 17.01, 9.4, 14.72, 10.08, 16.66, 4.37, 5.48, 14.22, 11.47, 28.38, 9.52, 17.23, 32.82, 19.06, 9.95, 13.34, 11.25, 21.14, 9.7, 18.35, 9.48, 19.9, 18.48, 17.82, 18.79, 16.04, 19.35, 3.69, 22.64, 11.99, 16.85, 10.14, 12.07, 13.03, 15.71, 12.84, 17.6, 13.8, 13.53, 10.65, 12.32, 10.45, 23.68, 19.82, 51.24, 15.64, 13.13, 6.79, 16.65, 14.23, 9.68, 12.75, 17.22],
[30.82, 34.93, 37.41, 37.01, 20.09, 41.94, 35.35, 27.41, 18.58, 24.66, 5.49, 36.42, 33.03, 16.26, 30.6, 39.54, 10.27, 22.36, 19.49, 4.04, 37.95, 3.16, 39.16, 24.35, 7.45, 39.39, 1.98, 39.29, 26.0, 36.95, 3.3, 29.36, 6.42, 29.71, 22.73, 25.95, 0.0, 38.36, 36.52, 35.73, 36.24, 7.93, 31.91, 20.19, 25.54, 1.16, 25.96, 18.03, 42.37, 30.99, 19.69, 31.16, 29.9, 27.77, 21.45, 17.82, 22.74, 2.58, 30.51, 41.2, 24.18, 35.92, 30.29, 31.93, 30.09, 37.89, 31.33, 19.98, 30.81, 27.55, 43.23, 34.85, 34.85, 32.92, 35.95, 23.92, 24.97, 26.49, 10.39, 31.51, 19.24, 28.45, 11.12, 37.75, 20.13, 12.52, 37.64, 23.97, 28.49, 30.62, 6.76, 38.51, 33.68, 15.3, 15.22, 20.88, 41.93, 34.99, 30.36, 36.81, 39.82],
[55.07, 51.87, 59.43, 55.14, 56.04, 65.83, 58.04, 55.5, 56.6, 21.75, 35.03, 54.26, 57.56, 50.37, 54.82, 61.12, 46.53, 48.76, 57.23, 39.88, 63.57, 35.85, 65.04, 43.75, 38.39, 62.96, 39.93, 65.13, 56.41, 61.92, 35.06, 46.94, 44.77, 46.87, 51.73, 56.67, 38.36, 0.0, 61.84, 56.37, 62.8, 44.28, 51.81, 58.2, 44.48, 39.29, 63.13, 56.29, 68.04, 55.68, 56.98, 55.32, 48.07, 55.74, 51.2, 54.92, 58.97, 36.33, 54.97, 64.53, 25.49, 53.26, 54.34, 53.42, 53.01, 53.97, 55.87, 58.01, 55.37, 65.43, 67.36, 53.01, 52.03, 52.18, 53.0, 53.18, 37.8, 48.84, 47.26, 55.72, 55.66, 49.78, 47.41, 63.53, 58.04, 47.72, 62.22, 48.04, 50.41, 54.32, 45.09, 56.37, 5.46, 52.69, 51.5, 49.88, 67.49, 56.8, 54.64, 61.6, 61.66],
[6.8, 13.33, 5.25, 11.08, 22.76, 5.5, 4.86, 9.24, 38.59, 40.15, 34.28, 11.62, 4.28, 21.74, 7.06, 6.09, 27.76, 14.66, 28.54, 32.48, 1.72, 35.85, 3.2, 18.1, 30.05, 3.56, 34.82, 3.29, 11.79, 0.64, 37.8, 15.71, 34.41, 15.95, 13.82, 12.12, 36.52, 61.84, 0.0, 7.8, 2.11, 29.39, 10.98, 39.15, 17.42, 35.54, 26.37, 36.49, 6.31, 6.26, 26.66, 6.54, 14.6, 8.86, 15.17, 26.31, 23.0, 38.74, 6.95, 5.1, 36.51, 12.46, 7.53, 8.91, 8.85, 13.77, 6.03, 30.23, 6.55, 30.45, 6.71, 11.7, 13.03, 11.17, 12.85, 12.77, 24.4, 13.02, 28.48, 6.13, 24.12, 12.14, 27.28, 1.71, 29.46, 25.26, 1.46, 14.26, 11.46, 7.53, 35.29, 11.27, 56.4, 27.75, 25.17, 15.64, 5.79, 6.38, 7.25, 0.89, 5.82],
[6.01, 5.62, 3.22, 3.41, 26.18, 9.7, 3.0, 11.69, 41.49, 34.64, 32.44, 3.84, 5.61, 23.33, 6.11, 4.76, 28.53, 13.57, 32.06, 31.76, 9.12, 34.41, 10.39, 13.36, 28.57, 7.01, 34.3, 10.41, 15.26, 7.44, 36.34, 9.43, 35.0, 9.51, 14.79, 15.75, 35.73, 56.37, 7.8, 0.0, 9.8, 29.63, 4.64, 42.31, 12.35, 34.91, 31.34, 39.43, 12.57, 6.36, 30.2, 5.73, 8.3, 11.41, 16.18, 29.35, 27.21, 37.63, 6.36, 8.3, 30.88, 4.67, 6.15, 3.81, 5.74, 6.11, 6.05, 33.84, 6.31, 35.55, 11.2, 4.0, 5.33, 4.2, 5.05, 14.43, 18.58, 9.38, 29.5, 5.62, 27.4, 7.59, 28.29, 9.27, 33.12, 26.22, 7.21, 11.77, 7.35, 5.68, 35.96, 4.11, 51.0, 30.2, 27.28, 15.95, 12.04, 1.65, 6.3, 7.05, 5.29],
[7.8, 15.25, 7.36, 13.12, 21.51, 6.5, 6.81, 8.84, 37.33, 41.18, 34.31, 13.64, 5.5, 21.0, 8.04, 8.14, 27.15, 14.91, 27.2, 32.22, 2.08, 35.75, 2.94, 19.14, 30.02, 5.31, 34.48, 3.08, 10.83, 2.67, 37.69, 17.19, 33.78, 17.47, 13.53, 11.1, 36.24, 62.8, 2.11, 9.8, 0.0, 28.91, 12.63, 37.83, 18.57, 35.23, 24.68, 35.23, 6.13, 7.15, 25.33, 7.61, 16.11, 8.48, 14.79, 25.11, 21.53, 38.53, 7.87, 6.53, 37.59, 14.44, 8.53, 10.47, 10.04, 15.83, 7.0, 28.85, 7.46, 28.7, 7.39, 13.61, 14.95, 12.93, 14.82, 12.33, 25.63, 13.99, 27.8, 7.23, 22.89, 13.36, 26.62, 1.78, 28.08, 24.63, 3.36, 14.89, 12.63, 8.64, 34.63, 13.36, 57.35, 26.7, 24.23, 15.44, 5.7, 8.3, 8.2, 2.99, 7.82],
[24.23, 29.8, 30.9, 31.4, 12.38, 34.88, 28.82, 20.16, 15.98, 27.51, 9.26, 30.93, 26.24, 8.38, 24.03, 33.01, 2.41, 16.07, 13.0, 4.61, 30.72, 8.96, 31.85, 20.08, 6.5, 32.47, 5.97, 31.98, 18.37, 29.87, 10.49, 24.75, 5.43, 25.16, 15.6, 18.27, 7.93, 44.28, 29.39, 29.63, 28.91, 0.0, 26.33, 17.44, 21.17, 6.79, 18.92, 14.61, 35.01, 24.29, 12.7, 24.58, 25.04, 20.54, 14.23, 10.67, 15.16, 10.49, 23.9, 34.26, 25.95, 30.6, 23.8, 25.94, 23.9, 32.7, 24.64, 13.98, 24.15, 21.19, 36.08, 29.42, 29.66, 27.41, 30.69, 16.63, 22.77, 20.88, 2.98, 24.89, 11.69, 22.87, 3.31, 30.5, 13.89, 4.6, 30.61, 18.19, 22.74, 24.19, 6.42, 32.85, 39.26, 8.42, 7.53, 13.95, 34.6, 28.67, 23.8, 29.78, 33.22],
[5.82, 4.02, 7.62, 5.1, 24.67, 14.07, 6.42, 11.0, 39.29, 30.06, 28.31, 4.6, 7.26, 20.9, 5.72, 9.38, 25.5, 10.46, 30.42, 28.03, 12.59, 30.38, 14.02, 8.78, 24.6, 11.24, 30.6, 14.07, 14.55, 10.83, 32.29, 4.91, 31.75, 5.07, 12.69, 15.08, 31.91, 51.81, 10.98, 4.64, 12.63, 26.33, 0.0, 40.25, 7.73, 31.16, 30.66, 37.3, 16.62, 6.52, 28.62, 5.77, 3.77, 10.84, 13.94, 27.49, 26.14, 33.68, 6.03, 12.74, 26.32, 4.38, 5.39, 2.2, 3.86, 6.56, 6.41, 32.21, 6.27, 34.88, 15.6, 3.13, 3.77, 1.1, 4.56, 12.77, 14.01, 5.47, 26.56, 5.99, 25.76, 3.48, 25.37, 12.66, 31.53, 23.35, 10.89, 8.14, 3.62, 4.96, 32.74, 6.6, 46.42, 27.98, 24.97, 13.34, 16.08, 5.04, 5.74, 10.45, 9.9],
[36.31, 44.17, 42.48, 44.89, 16.4, 44.33, 40.53, 30.82, 1.61, 44.26, 24.84, 44.66, 37.49, 19.4, 36.2, 44.35, 16.57, 30.0, 10.63, 20.16, 39.9, 23.13, 40.53, 36.07, 23.64, 42.69, 19.02, 40.67, 27.54, 39.76, 23.43, 40.09, 14.12, 40.55, 27.64, 27.14, 20.19, 58.2, 39.15, 42.31, 37.83, 17.44, 40.25, 0.0, 37.01, 19.47, 15.16, 3.0, 43.13, 36.06, 12.5, 36.61, 40.07, 31.15, 26.34, 12.98, 16.46, 21.93, 35.96, 44.23, 43.11, 44.62, 36.16, 39.16, 36.92, 46.8, 36.39, 9.04, 36.05, 13.34, 45.11, 43.35, 43.96, 41.34, 44.82, 27.88, 39.86, 35.27, 15.34, 36.78, 15.07, 37.11, 16.21, 39.61, 9.82, 17.8, 40.59, 32.66, 36.71, 36.64, 13.52, 46.16, 53.73, 12.28, 15.32, 26.94, 42.89, 40.94, 36.01, 39.83, 44.35],
[10.76, 9.65, 15.16, 12.29, 23.11, 21.42, 13.61, 13.09, 35.83, 22.75, 21.37, 11.54, 13.17, 17.93, 10.53, 17.05, 20.95, 8.1, 28.27, 21.9, 19.14, 23.62, 20.62, 1.21, 18.09, 18.53, 24.49, 20.7, 15.72, 17.46, 25.46, 3.85, 26.51, 4.17, 11.79, 16.19, 25.54, 44.48, 17.42, 12.35, 18.57, 21.17, 7.73, 37.01, 0.0, 24.94, 30.2, 34.0, 23.56, 11.43, 26.68, 10.97, 4.57, 13.16, 12.44, 25.12, 25.28, 27.03, 10.71, 20.17, 19.09, 10.82, 10.04, 9.01, 8.58, 12.57, 11.56, 30.0, 11.12, 34.23, 22.95, 9.98, 9.62, 8.43, 10.76, 12.71, 7.1, 4.74, 22.14, 11.36, 23.88, 5.3, 21.07, 19.12, 29.43, 19.27, 17.73, 5.59, 5.96, 9.94, 27.51, 13.79, 39.06, 24.9, 21.89, 11.21, 23.02, 12.47, 10.37, 17.13, 17.53],
[29.91, 34.25, 36.53, 36.26, 18.93, 40.98, 34.46, 26.4, 17.86, 25.11, 5.69, 35.69, 32.1, 15.14, 29.69, 38.66, 9.12, 21.48, 18.4, 3.14, 36.96, 3.67, 38.15, 23.75, 6.92, 38.44, 0.82, 38.28, 24.93, 35.98, 4.28, 28.74, 5.5, 29.09, 21.73, 24.86, 1.16, 39.29, 35.54, 34.91, 35.23, 6.79, 31.16, 19.47, 24.94, 0.0, 24.84, 17.21, 41.36, 30.07, 18.57, 30.26, 29.24, 26.77, 20.43, 16.68, 21.58, 3.74, 29.6, 40.25, 24.46, 35.22, 29.4, 31.12, 29.24, 37.21, 30.41, 18.93, 29.89, 26.49, 42.25, 34.12, 34.16, 32.18, 35.25, 22.9, 24.67, 25.72, 9.23, 30.6, 18.08, 27.69, 9.96, 36.75, 19.06, 11.38, 36.67, 23.16, 27.7, 29.74, 5.95, 37.76, 34.56, 14.17, 14.06, 19.91, 40.92, 34.13, 29.46, 35.85, 38.92],
[25.5, 34.67, 30.63, 34.44, 7.66, 31.01, 28.95, 19.8, 15.37, 45.04, 28.16, 34.46, 25.88, 13.78, 25.48, 32.19, 16.61, 22.12, 6.72, 23.46, 26.73, 27.74, 27.04, 29.65, 24.81, 29.91, 24.06, 27.18, 16.19, 27.01, 29.02, 32.19, 20.04, 32.67, 18.6, 15.67, 25.96, 63.13, 26.37, 31.34, 24.68, 18.92, 30.66, 15.16, 30.2, 24.84, 0.0, 13.55, 29.23, 25.03, 6.28, 25.73, 31.77, 20.03, 17.78, 8.25, 4.98, 28.47, 25.18, 31.2, 42.73, 34.72, 25.62, 29.0, 26.87, 36.81, 25.31, 7.1, 25.13, 4.23, 31.53, 33.47, 34.4, 31.65, 35.0, 18.07, 35.35, 26.84, 15.97, 25.76, 7.62, 28.25, 15.73, 26.42, 6.55, 15.55, 27.82, 24.78, 27.62, 26.11, 20.25, 35.44, 58.03, 10.68, 11.66, 18.99, 29.08, 29.77, 25.35, 27.17, 32.05],
[33.45, 41.21, 39.69, 41.98, 13.73, 41.73, 37.71, 28.01, 2.1, 41.71, 22.39, 41.73, 34.69, 16.43, 33.33, 41.58, 13.63, 27.02, 8.17, 17.61, 37.3, 20.84, 37.98, 33.07, 20.92, 40.01, 16.69, 38.12, 24.8, 37.09, 21.31, 37.09, 11.74, 37.55, 24.73, 24.41, 18.03, 56.29, 36.49, 39.43, 35.23, 14.61, 37.3, 3.0, 34.0, 17.21, 13.55, 0.0, 40.65, 33.22, 9.97, 33.75, 37.08, 28.35, 23.4, 10.2, 14.11, 19.96, 33.1, 41.58, 40.43, 41.68, 33.28, 36.24, 34.01, 43.86, 33.56, 6.8, 33.2, 12.52, 42.55, 40.41, 41.0, 38.4, 41.87, 25.01, 36.9, 32.29, 12.39, 33.93, 12.36, 34.15, 13.23, 37.01, 7.54, 14.8, 37.91, 29.67, 33.75, 33.76, 11.27, 43.26, 51.7, 9.32, 12.35, 23.98, 40.39, 38.09, 33.14, 37.15, 41.6],
[13.09, 18.11, 9.37, 15.23, 27.03, 3.5, 10.19, 14.97, 42.75, 46.31, 40.4, 15.98, 10.55, 27.02, 13.35, 8.61, 33.21, 20.88, 32.52, 38.36, 4.63, 41.87, 3.25, 24.3, 36.12, 5.58, 40.61, 3.13, 16.8, 6.14, 43.81, 21.5, 39.83, 21.69, 19.66, 17.01, 42.37, 68.04, 6.31, 12.57, 6.13, 35.01, 16.62, 43.13, 23.56, 41.36, 29.23, 40.65, 0.0, 12.57, 30.68, 12.81, 20.37, 14.61, 20.93, 30.68, 26.68, 44.67, 13.26, 4.83, 42.63, 16.98, 13.81, 14.74, 15.03, 17.69, 12.33, 34.09, 12.86, 33.02, 2.82, 16.54, 17.84, 16.56, 17.35, 18.46, 30.43, 19.28, 33.82, 12.41, 28.42, 18.26, 32.66, 4.75, 33.31, 30.69, 5.83, 20.57, 17.63, 13.77, 40.65, 14.84, 62.6, 32.43, 30.09, 21.57, 0.54, 11.62, 13.55, 6.45, 8.04],
[0.73, 10.15, 6.66, 9.42, 19.85, 11.2, 4.59, 5.33, 35.29, 34.04, 28.38, 9.49, 2.1, 17.37, 0.93, 8.74, 22.94, 8.72, 25.74, 26.96, 7.97, 30.07, 9.43, 11.99, 24.22, 8.47, 29.4, 9.53, 8.9, 6.47, 32.03, 10.42, 29.54, 10.76, 8.87, 9.4, 30.99, 55.68, 6.26, 6.36, 7.15, 24.29, 6.52, 36.06, 11.43, 30.07, 25.03, 33.22, 12.57, 0.0, 23.87, 0.76, 9.43, 5.05, 10.28, 23.08, 20.85, 33.1, 0.72, 10.29, 30.44, 9.9, 1.41, 4.39, 3.06, 11.87, 0.35, 27.51, 0.32, 29.26, 12.62, 8.71, 9.85, 7.24, 10.22, 8.26, 18.51, 6.85, 23.81, 0.74, 21.09, 6.3, 22.59, 7.9, 26.79, 20.52, 6.98, 8.02, 5.54, 1.66, 30.47, 10.42, 50.23, 24.06, 21.2, 10.35, 12.04, 4.89, 1.06, 6.22, 8.92],
[24.19, 32.62, 30.14, 32.98, 4.02, 31.83, 28.24, 18.56, 12.07, 39.38, 21.97, 32.84, 25.17, 8.96, 24.1, 31.96, 10.46, 18.92, 1.89, 17.22, 27.4, 21.48, 28.04, 25.95, 18.79, 30.2, 17.78, 28.18, 15.15, 27.27, 22.74, 29.24, 13.87, 29.71, 15.95, 14.72, 19.69, 56.98, 26.66, 30.2, 25.33, 12.7, 28.62, 12.5, 26.68, 18.57, 6.28, 9.97, 30.68, 23.87, 0.0, 24.47, 29.02, 18.87, 14.8, 2.09, 4.26, 22.21, 23.84, 31.73, 37.28, 32.92, 24.12, 27.29, 25.06, 35.08, 24.19, 3.64, 23.89, 8.71, 32.61, 31.64, 32.39, 29.68, 33.15, 15.91, 30.99, 24.06, 9.74, 24.6, 2.87, 25.74, 9.6, 27.11, 2.92, 9.73, 28.1, 21.66, 25.23, 24.61, 14.16, 34.17, 51.92, 4.4, 5.81, 15.71, 30.43, 28.76, 23.93, 27.35, 31.94],
[0.35, 9.39, 6.32, 8.72, 20.45, 11.25, 4.24, 5.98, 35.82, 33.64, 28.43, 8.77, 2.26, 17.8, 0.58, 8.44, 23.28, 8.82, 26.33, 27.14, 8.26, 30.17, 9.74, 11.58, 24.31, 8.45, 29.6, 9.83, 9.57, 6.68, 32.12, 9.78, 29.86, 10.11, 9.27, 10.08, 31.16, 55.32, 6.54, 5.73, 7.61, 24.58, 5.77, 36.61, 10.97, 30.26, 25.73, 33.75, 12.81, 0.76, 24.47, 0.0, 8.77, 5.71, 10.68, 23.64, 21.5, 33.24, 0.68, 10.26, 30.02, 9.15, 1.0, 3.64, 2.46, 11.14, 0.66, 28.11, 0.59, 29.95, 12.7, 7.96, 9.1, 6.48, 9.47, 8.76, 18.02, 6.48, 24.18, 0.41, 21.68, 5.76, 22.96, 8.21, 27.39, 20.89, 7.11, 7.89, 5.02, 1.04, 30.79, 9.76, 49.87, 24.56, 21.68, 10.66, 12.28, 4.34, 0.81, 6.39, 8.67],
[8.7, 5.09, 11.38, 7.77, 25.21, 17.84, 10.17, 12.86, 39.0, 26.33, 25.88, 6.99, 10.63, 20.7, 8.52, 13.07, 24.54, 10.14, 30.73, 26.16, 16.25, 28.09, 17.69, 5.76, 22.47, 15.01, 28.75, 17.75, 16.14, 14.5, 29.95, 1.14, 30.44, 1.36, 13.23, 16.66, 29.9, 48.07, 14.6, 8.3, 16.11, 25.04, 3.77, 40.07, 4.57, 29.24, 31.77, 37.08, 20.37, 9.43, 29.02, 8.77, 0.0, 12.8, 14.25, 27.67, 27.03, 31.48, 8.8, 16.5, 22.58, 6.25, 8.08, 5.7, 6.38, 8.04, 9.43, 32.5, 9.13, 35.94, 19.37, 5.45, 5.05, 4.14, 6.19, 13.72, 10.27, 4.97, 25.68, 9.08, 26.16, 3.64, 24.54, 16.3, 31.88, 22.61, 14.6, 7.43, 4.39, 7.77, 31.44, 9.25, 42.69, 27.81, 24.77, 13.32, 19.82, 8.81, 8.46, 14.13, 13.6],
[5.48, 14.77, 11.34, 14.42, 14.86, 14.36, 9.38, 0.38, 30.43, 34.49, 25.9, 14.43, 6.34, 12.95, 5.45, 13.26, 18.9, 7.01, 20.75, 23.75, 10.2, 27.28, 11.38, 13.27, 21.58, 12.09, 26.03, 11.52, 3.86, 9.36, 29.22, 13.55, 25.55, 13.98, 5.05, 4.37, 27.77, 55.74, 8.86, 11.41, 8.48, 20.54, 10.84, 31.15, 13.16, 26.77, 20.03, 28.35, 14.61, 5.05, 18.87, 5.71, 12.8, 0.0, 6.34, 18.17, 15.8, 30.06, 5.15, 13.83, 31.12, 14.72, 5.6, 9.01, 6.99, 16.78, 5.36, 22.51, 5.12, 24.26, 15.55, 13.48, 14.49, 11.76, 15.01, 3.91, 20.05, 8.55, 19.64, 5.79, 16.13, 9.18, 18.44, 9.99, 21.78, 16.4, 10.12, 8.03, 8.42, 6.1, 26.43, 15.47, 50.28, 19.31, 16.56, 6.98, 14.16, 9.92, 5.32, 9.3, 13.32],
[10.35, 17.9, 16.94, 18.58, 10.96, 20.65, 14.87, 5.97, 25.42, 30.62, 19.81, 18.33, 12.11, 7.15, 10.19, 19.01, 12.71, 4.34, 16.55, 17.43, 16.54, 21.06, 17.71, 11.96, 15.46, 18.26, 19.7, 17.85, 5.27, 15.64, 22.98, 14.54, 19.34, 15.01, 1.41, 5.48, 21.45, 51.2, 15.17, 16.18, 14.79, 14.23, 13.94, 26.34, 12.44, 20.43, 17.78, 23.4, 20.93, 10.28, 14.8, 10.68, 14.25, 6.34, 0.0, 13.57, 12.9, 23.75, 10.0, 20.04, 27.58, 18.3, 10.06, 12.85, 10.62, 20.47, 10.63, 18.33, 10.19, 21.85, 21.87, 17.02, 17.67, 15.02, 18.5, 2.48, 18.12, 9.28, 13.54, 10.94, 11.93, 10.95, 12.33, 16.32, 17.68, 10.26, 16.37, 7.02, 10.46, 10.51, 20.25, 19.89, 45.78, 14.1, 11.13, 1.43, 20.49, 14.97, 9.97, 15.55, 19.16],
[23.34, 31.46, 29.5, 32.01, 3.67, 31.6, 27.54, 17.83, 12.3, 37.3, 19.92, 31.81, 24.51, 7.22, 23.24, 31.39, 8.39, 17.53, 3.18, 15.21, 27.17, 19.5, 27.9, 24.34, 16.7, 29.82, 15.89, 28.04, 14.6, 26.91, 20.82, 27.83, 12.2, 28.3, 14.81, 14.22, 17.82, 54.92, 26.31, 29.35, 25.11, 10.67, 27.49, 12.98, 25.12, 16.68, 8.25, 10.2, 30.68, 23.08, 2.09, 23.64, 27.67, 18.17, 13.57, 0.0, 5.25, 20.36, 22.99, 31.41, 35.24, 31.84, 23.22, 26.28, 24.05, 34.01, 23.41, 4.88, 23.08, 10.79, 32.47, 30.56, 31.24, 28.57, 32.05, 14.94, 29.18, 22.75, 7.71, 23.8, 2.28, 24.5, 7.52, 26.88, 4.34, 7.67, 27.73, 20.26, 24.03, 23.7, 12.58, 33.24, 49.85, 2.58, 3.77, 14.35, 30.39, 27.97, 23.05, 26.96, 31.4],
[21.25, 30.16, 26.83, 30.18, 2.94, 28.01, 25.02, 15.53, 16.18, 40.36, 24.23, 30.12, 21.93, 8.98, 21.2, 28.54, 12.76, 17.23, 5.95, 19.78, 23.61, 24.12, 24.14, 24.71, 20.58, 26.56, 20.77, 24.28, 11.95, 23.62, 25.59, 27.4, 17.38, 27.87, 13.8, 11.47, 22.74, 58.97, 23.0, 27.21, 21.53, 15.16, 26.14, 16.46, 25.28, 21.58, 4.98, 14.11, 26.68, 20.85, 4.26, 21.5, 27.03, 15.8, 12.9, 5.25, 0.0, 25.31, 20.92, 28.01, 37.94, 30.31, 21.29, 24.6, 22.42, 32.44, 21.15, 7.42, 20.91, 8.95, 28.72, 29.04, 29.91, 27.17, 30.57, 13.41, 30.38, 22.07, 12.38, 21.58, 3.5, 23.57, 11.86, 23.31, 6.64, 11.26, 24.45, 19.92, 22.97, 21.79, 17.81, 31.26, 53.78, 7.8, 7.64, 14.07, 26.45, 25.69, 21.05, 23.73, 28.46],
[32.89, 36.55, 39.43, 38.75, 22.67, 44.13, 37.39, 29.69, 20.33, 23.86, 5.92, 38.13, 35.16, 18.79, 32.66, 41.57, 12.85, 24.41, 21.94, 6.35, 40.21, 3.45, 41.44, 25.82, 9.08, 41.54, 4.56, 41.57, 28.42, 39.16, 2.03, 30.87, 8.68, 31.19, 25.0, 28.38, 2.58, 36.33, 38.74, 37.63, 38.53, 10.49, 33.68, 21.93, 27.03, 3.74, 28.47, 19.96, 44.67, 33.1, 22.21, 33.24, 31.48, 30.06, 23.75, 20.36, 25.31, 0.0, 32.59, 43.35, 23.77, 37.59, 32.34, 33.83, 32.05, 39.51, 33.43, 22.36, 32.91, 29.95, 45.44, 36.55, 36.48, 34.67, 37.59, 26.23, 25.83, 28.32, 12.97, 33.59, 21.81, 30.24, 13.7, 40.01, 22.54, 15.06, 39.83, 25.86, 30.33, 32.65, 8.83, 40.27, 31.8, 17.83, 17.8, 23.12, 44.22, 36.96, 32.43, 39.01, 41.86],
